solution: [1,0,0,1,1,1,1,1,1,0,1,0,1,0,1,1,1,1,0,1,0,0,0,0,1,1,1,1,1,0]
obj1: 0.64
obj2: 0.28
obj3: 0.46
--------------
solution: [0,0,1,1,1,0,0,1,0,1,0,1,1,0,0,0,0,0,0,0,1,1,0,1,1,1,0,1,1,0]
obj1: 0.63
obj2: 0.14
obj3: 0.81
--------------
solution: [1,0,1,1,0,1,1,0,0,0,0,1,0,1,0,0,1,0,1,1,0,1,0,0,0,0,0,0,0,0]
obj1: 0.49
obj2: 0.28
obj3: 0.66
--------------
solution: [0,1,1,0,1,1,1,1,1,0,1,0,0,1,0,0,1,0,1,1,1,1,1,0,1,1,1,0,1,1]
obj1: 0.61
obj2: 0.3
obj3: 0.47
--------------
solution: [1,0,1,1,0,1,1,0,0,0,0,1,0,1,0,1,0,0,1,1,0,1,0,0,0,0,0,0,0,0]
obj1: 0.47
obj2: 0.32
obj3: 0.66
--------------
solution: [1,0,1,0,1,0,0,0,1,0,1,1,1,0,0,0,0,1,0,0,1,1,0,1,1,1,0,1,0,0]
obj1: 0.62
obj2: 0.16
obj3: 0.53
--------------
solution: [1,0,1,1,0,1,0,1,0,0,0,0,0,1,1,0,1,0,0,0,0,1,0,1,1,1,0,0,0,1]
obj1: 0.66
obj2: 0.14
obj3: 0.57
--------------
solution: [0,1,1,1,1,0,0,0,1,0,1,1,1,1,1,0,0,1,1,0,0,1,0,0,0,1,0,1,0,0]
obj1: 0.5
obj2: 0.18
obj3: 0.5
--------------
solution: [0,0,0,1,0,0,1,0,1,0,0,0,0,0,1,0,1,0,0,0,0,1,1,0,0,1,1,0,0,1]
obj1: 0.65
obj2: 0.17
obj3: 0.52
--------------
solution: [1,0,1,1,0,1,0,1,0,0,1,1,0,0,1,0,1,0,1,0,1,0,1,1,1,1,0,0,0,1]
obj1: 0.67
obj2: 0.15
obj3: 0.53
--------------
