solution: [1,0,0,1,1,0,1,1,0,1,0,0,0,0,1,0,0,0,0,0,0,0,0,0,1,0,1,1,1,1]
obj1: 0.51
obj2: 0.39
obj3: 0.35
--------------
solution: [0,0,0,1,1,0,1,1,0,0,1,0,0,1,0,0,0,0,0,0,1,1,1,0,1,1,1,0,0,0]
obj1: 0.59
obj2: 0.38
obj3: 0.42
--------------
solution: [0,0,0,0,1,0,1,1,0,1,1,0,1,0,0,0,0,0,0,0,1,0,0,1,0,0,1,0,1,1]
obj1: 0.54
obj2: 0.36
obj3: 0.54
--------------
solution: [1,1,0,1,1,0,0,1,0,1,0,0,0,0,1,0,0,0,0,0,0,0,0,0,0,0,0,1,0,0]
obj1: 0.45
obj2: 0.42
obj3: 0.28
--------------
solution: [0,0,0,0,1,0,0,1,0,1,0,0,1,0,0,0,0,0,0,0,0,1,1,0,1,1,1,0,1,0]
obj1: 0.48
obj2: 0.39
obj3: 0.54
--------------
solution: [1,0,0,1,1,0,1,1,0,1,0,0,0,0,1,0,0,0,0,0,0,0,0,0,0,0,1,1,1,1]
obj1: 0.48
obj2: 0.4
obj3: 0.33
--------------
solution: [1,1,0,1,1,0,1,1,0,1,0,0,1,0,0,0,0,0,0,0,1,1,0,0,0,0,0,0,1,1]
obj1: 0.44
obj2: 0.45
obj3: 0.43
--------------
solution: [1,0,0,1,1,0,0,1,1,1,0,0,0,0,1,0,0,0,0,0,0,0,0,0,0,1,0,0,1,1]
obj1: 0.4
obj2: 0.46
obj3: 0.46
--------------
solution: [1,0,0,0,1,0,1,1,0,1,0,0,1,0,1,0,0,0,0,0,0,0,0,0,1,0,1,1,1,1]
obj1: 0.5
obj2: 0.38
obj3: 0.43
--------------
solution: [0,0,1,0,1,0,0,1,0,1,0,0,1,0,1,1,0,0,0,0,0,0,1,0,0,0,0,0,1,1]
obj1: 0.38
obj2: 0.46
obj3: 0.58
--------------
solution: [1,0,0,1,1,0,0,1,1,0,0,0,1,0,1,1,0,0,1,0,1,1,1,0,0,0,0,1,1,1]
obj1: 0.39
obj2: 0.54
obj3: 0.55
--------------
solution: [1,0,0,1,0,0,1,1,0,1,0,0,1,0,1,0,0,0,0,0,0,0,0,0,1,0,1,1,1,1]
obj1: 0.51
obj2: 0.39
obj3: 0.35
--------------
