solution: [1,0,0,1,0,1,0,1,1,1,1,0,1,0,1,0,1,0,1,1,0,0,0,1,1,1,0,0,1,1]
obj1: 0.5
obj2: 0.45
obj3: 0.52
--------------
solution: [1,0,0,1,0,1,0,1,0,1,1,0,1,0,1,0,1,0,1,1,0,1,0,1,1,1,0,0,1,1]
obj1: 0.5
obj2: 0.48
obj3: 0.4
--------------
solution: [0,1,0,0,1,0,0,1,0,0,0,0,0,1,0,0,0,0,1,1,0,1,0,0,1,1,1,1,0,0]
obj1: 0.57
obj2: 0.43
obj3: 0.52
--------------
solution: [1,0,0,1,0,1,0,1,1,1,1,0,1,0,0,0,1,0,1,1,0,0,0,1,0,0,0,0,1,1]
obj1: 0.5
obj2: 0.46
obj3: 0.49
--------------
solution: [1,0,0,1,0,1,0,1,0,1,1,0,1,0,1,0,1,0,0,1,0,1,0,1,1,1,0,0,1,1]
obj1: 0.51
obj2: 0.49
obj3: 0.39
--------------
solution: [0,0,0,1,1,0,0,1,1,0,0,0,1,1,1,0,1,0,0,1,1,1,0,0,0,1,0,1,1,1]
obj1: 0.41
obj2: 0.51
obj3: 0.47
--------------
solution: [1,0,0,1,0,0,0,1,0,1,1,0,1,0,1,0,1,0,0,1,0,1,0,1,1,1,0,1,0,1]
obj1: 0.54
obj2: 0.47
obj3: 0.42
--------------
solution: [1,0,0,0,1,1,0,1,1,0,0,0,0,1,0,1,1,0,0,0,0,0,1,0,1,1,1,1,0,1]
obj1: 0.54
obj2: 0.36
obj3: 0.73
--------------
solution: [1,0,0,0,0,0,1,1,1,1,0,0,1,1,1,0,1,0,0,1,1,1,0,0,0,1,0,0,1,0]
obj1: 0.46
obj2: 0.44
obj3: 0.58
--------------
solution: [1,0,0,0,0,0,0,1,1,0,1,0,1,0,0,0,1,0,1,1,0,0,0,1,1,1,0,0,1,1]
obj1: 0.52
obj2: 0.43
obj3: 0.53
--------------
solution: [1,0,0,1,0,1,0,1,0,1,1,0,1,0,0,0,1,0,0,0,0,0,1,0,1,1,1,0,0,1]
obj1: 0.55
obj2: 0.35
obj3: 0.77
--------------
solution: [1,0,0,0,0,1,1,1,1,0,1,1,0,1,0,0,0,0,0,0,0,0,1,0,1,1,1,0,0,0]
obj1: 0.64
obj2: 0.31
obj3: 0.71
--------------
solution: [1,0,0,1,1,1,0,1,1,1,1,0,1,0,0,0,1,0,1,1,0,0,1,1,1,0,1,0,1,0]
obj1: 0.52
obj2: 0.45
obj3: 0.46
--------------
solution: [0,0,0,1,1,0,0,1,1,0,0,0,1,1,0,1,1,0,0,0,0,0,1,0,1,1,1,1,1,1]
obj1: 0.47
obj2: 0.43
obj3: 0.66
--------------
solution: [1,1,0,0,0,1,1,1,0,0,0,0,0,1,0,0,0,0,1,1,0,0,1,1,1,1,1,0,0,0]
obj1: 0.63
obj2: 0.4
obj3: 0.5
--------------
solution: [1,0,0,1,0,1,0,1,0,1,1,0,1,0,0,0,1,0,0,0,0,0,1,0,0,1,1,1,0,1]
obj1: 0.53
obj2: 0.37
obj3: 0.77
--------------
solution: [1,0,0,1,0,0,0,1,0,1,1,0,1,0,1,0,1,0,0,1,0,0,1,0,1,1,1,1,0,1]
obj1: 0.53
obj2: 0.41
obj3: 0.57
--------------
solution: [0,0,0,1,1,0,0,1,1,0,0,0,1,1,1,0,1,0,1,0,0,0,1,0,1,1,1,1,1,1]
obj1: 0.47
obj2: 0.42
obj3: 0.69
--------------
solution: [1,0,0,0,0,1,0,1,0,1,0,0,1,1,1,0,1,0,0,1,1,0,0,1,0,0,0,0,1,0]
obj1: 0.47
obj2: 0.47
obj3: 0.51
--------------
solution: [1,1,0,1,0,1,1,1,1,1,0,0,0,0,0,0,0,0,0,0,1,0,0,0,0,1,1,0,1,0]
obj1: 0.48
obj2: 0.35
obj3: 0.8
--------------
solution: [1,0,0,0,1,1,0,1,1,0,0,0,0,1,0,0,0,0,0,0,1,1,1,0,1,1,1,1,0,1]
obj1: 0.54
obj2: 0.37
obj3: 0.63
--------------
solution: [1,0,0,1,0,1,0,1,0,1,1,0,1,0,1,0,1,0,0,1,1,1,0,0,0,1,0,0,1,0]
obj1: 0.43
obj2: 0.5
obj3: 0.59
--------------
solution: [0,0,0,1,1,0,0,1,1,0,1,0,1,1,0,0,1,0,0,1,1,1,0,0,0,1,0,1,1,1]
obj1: 0.45
obj2: 0.48
obj3: 0.51
--------------
solution: [1,1,0,1,0,1,1,0,1,0,1,0,0,1,0,0,1,0,1,1,0,0,1,0,0,1,1,0,1,1]
obj1: 0.58
obj2: 0.4
obj3: 0.62
--------------
solution: [1,0,0,1,0,1,0,1,0,1,1,0,1,0,0,0,1,0,0,1,0,1,0,1,1,1,0,0,1,1]
obj1: 0.52
obj2: 0.47
obj3: 0.44
--------------
solution: [1,0,0,1,1,0,0,1,1,0,0,0,1,1,1,0,1,0,0,1,1,1,0,0,0,1,0,0,1,0]
obj1: 0.39
obj2: 0.51
obj3: 0.48
--------------
solution: [1,0,0,1,0,1,0,1,1,1,1,0,0,0,0,0,1,0,1,1,0,0,0,1,0,0,0,0,1,1]
obj1: 0.53
obj2: 0.44
obj3: 0.5
--------------
solution: [0,0,0,1,1,0,0,1,0,0,0,0,1,1,0,1,0,0,0,0,0,0,1,0,1,1,1,0,1,1]
obj1: 0.43
obj2: 0.46
obj3: 0.71
--------------
solution: [1,0,0,1,0,0,0,1,0,1,1,0,1,0,1,0,1,0,0,1,0,0,1,0,1,1,1,0,0,1]
obj1: 0.53
obj2: 0.41
obj3: 0.57
--------------
solution: [1,0,0,1,0,1,0,1,0,1,1,0,1,0,1,0,1,0,0,1,0,1,0,1,1,1,0,0,0,1]
obj1: 0.53
obj2: 0.48
obj3: 0.39
--------------
solution: [1,0,1,1,1,0,0,1,0,0,0,0,1,0,1,0,0,0,0,1,1,1,0,1,0,1,0,1,0,1]
obj1: 0.43
obj2: 0.59
obj3: 0.46
--------------
solution: [0,0,0,0,1,1,0,1,0,1,0,0,1,1,1,0,1,0,1,0,1,0,0,0,1,1,1,1,0,0]
obj1: 0.5
obj2: 0.38
obj3: 0.66
--------------
solution: [1,0,0,0,0,1,0,0,1,1,1,0,0,1,0,0,1,0,0,0,0,0,1,0,1,1,1,0,0,0]
obj1: 0.66
obj2: 0.27
obj3: 0.81
--------------
solution: [1,0,0,0,0,1,1,1,1,0,1,1,0,1,0,0,0,0,0,0,0,0,0,0,1,1,0,1,1,0]
obj1: 0.58
obj2: 0.34
obj3: 0.71
--------------
solution: [0,0,0,1,1,0,0,1,0,1,1,0,1,0,1,0,1,0,0,1,1,0,0,0,0,0,1,1,1,0]
obj1: 0.44
obj2: 0.48
obj3: 0.62
--------------
solution: [1,0,0,0,0,0,0,1,1,1,1,0,0,1,0,0,1,0,0,0,0,0,1,0,1,1,1,0,0,1]
obj1: 0.63
obj2: 0.25
obj3: 0.83
--------------
solution: [1,0,0,1,0,0,0,1,1,1,0,0,1,0,1,0,1,0,0,1,0,1,0,1,0,1,0,1,0,1]
obj1: 0.48
obj2: 0.5
obj3: 0.5
--------------
solution: [1,0,0,1,0,1,0,1,0,1,1,0,0,1,0,0,1,0,0,0,0,0,1,0,1,1,1,1,0,0]
obj1: 0.61
obj2: 0.31
obj3: 0.75
--------------
