solution: [1,1,1,0,0,0,1,0,0,0,1,0,1,1,1,1,0,0,0,1,1,1,1,1,1,0,1,1,0,0]
obj1: 0.57
obj2: 0.63
obj3: 0.42
--------------
solution: [1,0,1,1,0,1,0,1,0,1,1,0,0,0,1,0,0,1,0,1,1,1,0,1,0,0,0,0,0,1]
obj1: 0.66
obj2: 0.63
obj3: 0.38
--------------
solution: [0,1,0,0,0,0,0,0,1,0,1,1,1,0,0,0,1,0,0,1,1,0,0,0,1,1,1,1,1,0]
obj1: 0.49
obj2: 0.56
obj3: 0.5
--------------
solution: [0,0,0,0,0,0,0,0,0,0,1,0,0,0,0,0,0,0,0,1,1,1,0,0,1,0,1,1,1,1]
obj1: 0.63
obj2: 0.52
obj3: 0.56
--------------
solution: [1,1,0,0,0,1,0,0,0,0,1,1,0,1,0,1,0,0,1,1,1,1,0,1,0,0,0,1,0,0]
obj1: 0.46
obj2: 0.64
obj3: 0.56
--------------
solution: [0,0,1,0,0,0,1,0,0,0,1,1,0,1,0,0,0,0,1,0,1,0,0,0,0,1,1,0,0,0]
obj1: 0.51
obj2: 0.48
obj3: 0.63
--------------
solution: [1,1,1,0,1,0,0,1,0,0,1,1,0,1,1,0,1,0,1,1,1,0,1,1,0,1,0,1,1,0]
obj1: 0.59
obj2: 0.62
obj3: 0.44
--------------
solution: [0,1,0,1,1,0,0,0,1,1,0,0,1,1,1,0,0,0,1,1,1,1,0,0,0,1,0,1,1,0]
obj1: 0.48
obj2: 0.69
obj3: 0.46
--------------
solution: [1,1,0,0,0,1,0,0,0,0,1,1,0,1,0,0,1,0,0,1,0,1,0,0,1,0,1,1,0,0]
obj1: 0.52
obj2: 0.53
obj3: 0.49
--------------
solution: [0,0,0,0,0,0,0,0,1,0,1,0,0,0,0,1,1,1,0,1,0,1,0,0,1,0,1,1,0,1]
obj1: 0.61
obj2: 0.58
obj3: 0.47
--------------
solution: [0,0,0,0,0,0,1,0,0,0,1,1,0,1,0,0,0,0,1,0,1,0,0,0,0,0,1,0,0,0]
obj1: 0.48
obj2: 0.42
obj3: 0.69
--------------
