solution: [1,0,0,1,0,0,1,1,0,0,1,0,0,0,1,0,0,0,0,0,0,0,0,0,1,0,1,1,1,1]
obj1: 0.58
obj2: 0.39
obj3: 0.35
--------------
solution: [0,1,1,1,1,1,1,1,0,1,0,0,1,0,0,0,0,0,0,0,0,1,1,0,1,1,1,0,0,0]
obj1: 0.56
obj2: 0.41
obj3: 0.51
--------------
solution: [1,1,0,1,0,0,1,1,1,1,1,0,1,0,1,1,0,1,0,0,1,1,0,0,0,1,0,1,0,0]
obj1: 0.52
obj2: 0.51
obj3: 0.48
--------------
solution: [1,1,1,1,1,1,0,1,0,0,1,0,1,1,1,0,0,1,0,0,0,0,0,0,1,0,1,1,1,0]
obj1: 0.57
obj2: 0.45
obj3: 0.45
--------------
solution: [1,0,0,1,1,1,1,1,0,0,1,0,0,0,1,1,1,0,0,0,1,1,1,0,0,1,0,1,0,0]
obj1: 0.5
obj2: 0.49
obj3: 0.54
--------------
solution: [0,1,1,1,1,1,1,1,0,1,0,0,1,0,0,0,0,0,0,0,0,1,1,0,1,0,1,0,0,0]
obj1: 0.57
obj2: 0.4
obj3: 0.51
--------------
solution: [0,0,1,1,1,1,1,0,0,1,0,0,0,1,1,1,0,1,1,1,0,1,0,0,0,0,0,1,1,0]
obj1: 0.53
obj2: 0.61
obj3: 0.45
--------------
solution: [0,0,0,1,1,0,0,1,1,1,0,1,1,0,1,0,1,1,1,1,0,1,1,1,1,0,1,0,1,0]
obj1: 0.55
obj2: 0.5
obj3: 0.45
--------------
solution: [1,1,1,1,1,1,0,1,0,0,1,0,1,1,1,0,0,1,0,1,0,0,0,0,1,0,1,1,1,0]
obj1: 0.57
obj2: 0.48
obj3: 0.39
--------------
solution: [1,0,0,1,1,0,1,1,0,1,0,0,0,0,1,1,0,0,1,0,1,1,0,1,1,1,0,1,1,1]
obj1: 0.48
obj2: 0.5
obj3: 0.52
--------------
solution: [1,1,1,1,1,1,0,1,0,0,1,0,1,1,1,1,0,1,0,0,0,0,0,0,1,0,1,1,1,0]
obj1: 0.55
obj2: 0.48
obj3: 0.46
--------------
solution: [0,0,1,0,1,1,0,1,0,1,0,0,0,1,1,1,0,1,1,1,0,1,0,0,0,0,0,1,1,0]
obj1: 0.51
obj2: 0.61
obj3: 0.47
--------------
solution: [0,1,0,1,0,0,1,1,0,1,1,0,1,0,1,1,0,0,0,0,1,1,0,1,0,0,0,0,1,1]
obj1: 0.51
obj2: 0.46
obj3: 0.5
--------------
solution: [0,0,1,1,1,1,0,1,0,0,1,0,1,1,1,0,0,1,0,1,0,0,0,0,1,0,1,1,1,1]
obj1: 0.56
obj2: 0.47
obj3: 0.4
--------------
solution: [0,0,0,1,1,1,1,1,0,1,1,1,1,1,1,1,1,0,0,0,1,0,1,1,0,0,1,0,1,0]
obj1: 0.54
obj2: 0.45
obj3: 0.51
--------------
solution: [1,1,0,1,1,0,1,1,0,1,1,0,1,0,1,1,0,0,0,0,1,1,0,0,0,0,0,1,0,0]
obj1: 0.47
obj2: 0.47
obj3: 0.55
--------------
solution: [0,0,1,1,1,0,0,1,1,1,1,0,1,0,1,1,0,1,0,1,1,1,0,1,0,1,0,0,1,1]
obj1: 0.49
obj2: 0.54
obj3: 0.51
--------------
solution: [0,0,1,0,1,0,0,1,0,0,0,1,0,0,1,1,0,0,0,0,0,0,1,0,1,1,1,0,0,1]
obj1: 0.54
obj2: 0.43
obj3: 0.75
--------------
solution: [1,0,0,1,1,0,1,1,0,1,0,0,0,0,1,1,0,0,1,0,1,1,0,0,1,1,0,1,1,1]
obj1: 0.45
obj2: 0.5
obj3: 0.57
--------------
solution: [1,0,0,1,1,1,1,1,0,1,0,0,0,0,1,1,1,0,0,0,1,1,1,0,0,1,1,1,0,0]
obj1: 0.5
obj2: 0.46
obj3: 0.57
--------------
solution: [1,1,1,1,1,1,0,1,0,1,1,0,1,0,0,0,1,1,0,1,1,0,0,0,0,0,0,1,1,0]
obj1: 0.52
obj2: 0.52
obj3: 0.46
--------------
solution: [0,0,1,0,1,0,0,1,0,0,0,1,1,0,1,0,1,0,1,0,1,0,1,0,1,1,1,0,1,1]
obj1: 0.5
obj2: 0.44
obj3: 0.63
--------------
solution: [1,1,1,0,0,1,0,1,0,0,1,0,1,1,1,0,0,1,0,1,1,0,0,0,0,1,0,0,1,1]
obj1: 0.54
obj2: 0.52
obj3: 0.41
--------------
