solution: [1,0,0,1,0,1,1,0,0,1,1,1,1,0,1,0,1,1,0,1,0,1,1,1,0,1,1,0,1,0]
obj1: 0.59
obj2: 0.38
obj3: 0.49
--------------
solution: [1,1,0,0,1,0,1,0,0,1,1,1,1,1,0,0,1,1,0,1,1,1,0,1,0,0,0,0,0,1]
obj1: 0.59
obj2: 0.43
obj3: 0.43
--------------
solution: [0,0,1,0,1,1,1,0,0,0,1,0,1,1,0,0,1,1,1,1,0,1,0,1,0,0,0,1,1,0]
obj1: 0.53
obj2: 0.45
obj3: 0.41
--------------
solution: [0,0,0,1,0,1,0,0,0,1,0,0,1,0,1,0,0,1,0,1,1,1,0,1,0,1,0,1,1,0]
obj1: 0.46
obj2: 0.44
obj3: 0.51
--------------
solution: [0,0,0,0,0,1,1,0,0,0,0,0,1,0,0,1,1,0,0,1,1,1,1,1,0,1,1,0,0,0]
obj1: 0.53
obj2: 0.35
obj3: 0.68
--------------
solution: [1,0,0,0,0,1,1,0,0,1,1,0,1,0,0,1,0,1,0,0,0,1,1,1,0,1,1,0,1,0]
obj1: 0.65
obj2: 0.35
obj3: 0.52
--------------
solution: [0,1,0,0,0,1,1,0,1,1,1,0,1,1,0,1,0,1,0,1,1,1,1,1,0,1,0,1,0,0]
obj1: 0.5
obj2: 0.46
obj3: 0.48
--------------
solution: [0,1,0,0,0,1,0,0,0,0,0,1,1,0,0,0,1,1,1,1,0,0,1,1,0,1,1,0,0,0]
obj1: 0.49
obj2: 0.36
obj3: 0.79
--------------
solution: [1,1,0,1,0,1,0,0,0,0,0,0,1,0,1,0,0,1,0,1,1,1,0,1,0,1,1,0,0,0]
obj1: 0.45
obj2: 0.39
obj3: 0.56
--------------
solution: [0,0,0,0,0,1,1,0,0,1,0,0,1,0,0,0,1,1,1,1,0,0,1,1,1,1,1,0,0,1]
obj1: 0.66
obj2: 0.25
obj3: 0.67
--------------
solution: [0,0,0,1,0,1,1,0,0,1,1,1,1,1,0,0,0,1,0,1,1,1,0,1,0,1,0,1,1,0]
obj1: 0.48
obj2: 0.41
obj3: 0.49
--------------
solution: [1,1,1,1,0,1,1,0,0,1,1,0,1,0,0,1,1,1,1,1,0,1,0,1,1,1,0,0,1,1]
obj1: 0.61
obj2: 0.41
obj3: 0.43
--------------
solution: [0,0,0,1,0,1,0,0,0,1,1,0,1,1,0,0,1,1,1,1,0,1,0,1,0,0,1,1,1,0]
obj1: 0.52
obj2: 0.4
obj3: 0.55
--------------
solution: [0,1,0,0,0,1,0,0,0,0,0,0,1,0,0,0,1,1,1,1,1,1,1,1,0,1,1,0,0,0]
obj1: 0.49
obj2: 0.37
obj3: 0.63
--------------
solution: [0,1,0,1,0,1,0,0,0,1,0,1,1,0,1,0,0,1,0,1,1,0,0,1,0,1,1,0,0,0]
obj1: 0.44
obj2: 0.39
obj3: 0.64
--------------
solution: [0,1,0,0,0,1,0,0,0,0,0,1,1,1,0,0,0,1,1,1,0,0,1,1,0,1,1,0,0,0]
obj1: 0.47
obj2: 0.38
obj3: 0.63
--------------
solution: [0,0,0,0,0,1,1,0,0,1,0,0,1,0,0,0,1,1,0,1,0,0,1,1,1,1,1,0,1,1]
obj1: 0.68
obj2: 0.25
obj3: 0.66
--------------
solution: [0,1,1,1,0,1,1,0,0,0,0,0,1,0,0,0,0,1,0,0,0,1,1,1,1,1,1,1,0,1]
obj1: 0.55
obj2: 0.33
obj3: 0.78
--------------
solution: [0,0,0,0,0,1,1,0,0,1,0,0,1,0,1,0,0,1,0,1,1,1,1,1,0,1,1,0,0,0]
obj1: 0.55
obj2: 0.34
obj3: 0.57
--------------
solution: [1,0,1,0,0,0,1,0,0,1,1,0,1,0,0,0,0,1,0,0,0,1,1,1,0,1,1,0,1,0]
obj1: 0.68
obj2: 0.29
obj3: 0.62
--------------
solution: [0,0,1,0,0,0,1,0,0,1,1,0,0,1,0,1,0,1,0,1,1,1,1,1,0,1,1,1,0,1]
obj1: 0.63
obj2: 0.37
obj3: 0.44
--------------
solution: [1,0,0,1,0,1,1,0,0,1,0,1,1,1,0,0,0,1,0,0,1,0,1,1,0,1,1,0,1,0]
obj1: 0.58
obj2: 0.3
obj3: 0.65
--------------
solution: [1,1,0,1,0,1,0,0,0,0,0,0,1,0,1,0,0,1,0,1,1,1,0,1,0,1,0,0,0,0]
obj1: 0.43
obj2: 0.43
obj3: 0.56
--------------
