solution: [1,0,0,1,1,1,1,1,1,0,1,0,1,0,1,1,1,1,0,1,0,0,0,0,1,1,1,1,1,0]
obj1: 0.64
obj2: 0.28
obj3: 0.46
--------------
solution: [0,1,0,1,0,1,1,0,1,0,0,0,0,0,1,0,1,0,0,0,0,1,1,1,1,0,1,0,1,0]
obj1: 0.63
obj2: 0.29
obj3: 0.53
--------------
solution: [0,1,0,0,1,1,0,0,1,1,1,1,0,1,1,1,0,0,0,1,1,1,0,0,0,0,1,0,0,1]
obj1: 0.53
obj2: 0.33
obj3: 0.6
--------------
solution: [0,0,0,1,1,0,0,1,0,0,1,0,1,1,0,1,1,1,1,1,1,0,0,1,1,1,0,1,0,0]
obj1: 0.63
obj2: 0.25
obj3: 0.55
--------------
solution: [0,1,1,1,1,0,0,0,1,0,1,0,1,1,0,0,0,1,1,0,1,0,0,1,1,1,0,1,0,0]
obj1: 0.57
obj2: 0.22
obj3: 0.56
--------------
solution: [0,0,1,1,1,0,0,1,0,1,0,1,1,0,0,0,0,0,0,0,1,1,0,1,1,1,0,1,1,0]
obj1: 0.63
obj2: 0.14
obj3: 0.81
--------------
solution: [1,0,1,0,0,1,0,1,0,0,0,0,0,1,1,0,1,0,1,0,1,1,0,0,0,0,0,0,0,1]
obj1: 0.6
obj2: 0.18
obj3: 0.61
--------------
solution: [0,1,1,1,0,1,0,1,0,0,1,1,0,0,0,0,1,0,1,0,1,0,1,1,1,0,1,1,1,1]
obj1: 0.64
obj2: 0.24
obj3: 0.53
--------------
solution: [1,0,1,1,0,1,1,0,0,0,0,1,0,1,0,0,1,0,1,1,0,1,0,0,0,0,0,0,0,0]
obj1: 0.49
obj2: 0.28
obj3: 0.66
--------------
solution: [0,1,1,0,1,1,1,1,1,0,1,0,0,1,0,0,1,0,1,1,1,1,1,0,1,1,1,0,1,1]
obj1: 0.61
obj2: 0.3
obj3: 0.47
--------------
