solution: [0,0,0,1,1,1,0,1,1,0,0,0,1,0,1,1,0,0,1,1,1,0,0,0,0,0,0,0,1,0]
obj1: 0.31
obj2: 0.38
obj3: 0.74
--------------
solution: [0,0,1,1,1,1,0,1,0,1,1,0,1,0,0,0,1,0,0,1,0,1,1,1,0,0,1,0,1,0]
obj1: 0.53
obj2: 0.26
obj3: 0.43
--------------
solution: [0,1,1,1,1,0,1,0,0,1,1,1,1,0,0,0,1,1,0,1,0,0,1,0,1,1,1,1,0,0]
obj1: 0.61
obj2: 0.22
obj3: 0.5
--------------
solution: [0,1,1,1,1,1,0,1,0,1,1,0,1,0,0,0,0,0,0,1,1,0,0,0,1,0,0,0,0,1]
obj1: 0.5
obj2: 0.16
obj3: 0.61
--------------
solution: [0,0,0,1,1,1,0,1,1,0,0,0,1,0,1,1,0,0,0,1,1,0,0,1,1,0,0,0,0,0]
obj1: 0.41
obj2: 0.29
obj3: 0.67
--------------
solution: [0,0,1,1,1,1,0,1,1,0,0,0,1,0,1,0,0,0,1,1,0,0,0,0,0,0,0,0,1,0]
obj1: 0.36
obj2: 0.32
obj3: 0.58
--------------
solution: [0,0,1,1,1,1,0,1,1,0,0,0,1,0,1,0,0,0,1,1,0,0,0,0,1,0,0,0,0,1]
obj1: 0.43
obj2: 0.25
obj3: 0.65
--------------
solution: [0,1,1,1,1,1,0,1,0,1,1,0,1,0,1,0,0,1,0,1,0,0,0,0,0,0,1,1,0,0]
obj1: 0.54
obj2: 0.19
obj3: 0.54
--------------
solution: [0,0,0,1,1,0,0,1,1,0,0,1,1,0,1,0,0,0,1,1,0,0,0,0,0,0,0,0,1,0]
obj1: 0.34
obj2: 0.34
obj3: 0.65
--------------
solution: [0,1,1,1,1,0,1,0,0,1,1,1,1,0,0,0,0,1,0,1,1,1,0,0,1,0,0,0,0,1]
obj1: 0.58
obj2: 0.2
obj3: 0.52
--------------
solution: [0,1,1,1,1,0,0,0,0,1,1,1,1,0,0,0,1,0,0,1,0,0,0,0,1,0,0,0,0,1]
obj1: 0.58
obj2: 0.18
obj3: 0.55
--------------
solution: [0,0,0,1,1,1,0,1,1,0,0,0,1,0,1,0,0,0,1,1,0,0,0,0,0,0,0,0,1,0]
obj1: 0.32
obj2: 0.34
obj3: 0.67
--------------
solution: [0,0,1,1,1,0,0,0,0,1,1,1,1,0,1,0,0,0,1,1,1,0,0,1,1,0,0,0,0,0]
obj1: 0.52
obj2: 0.21
obj3: 0.56
--------------
solution: [0,0,1,1,1,0,0,1,1,0,1,0,1,0,1,1,0,0,1,1,1,0,1,1,0,0,0,0,1,0]
obj1: 0.42
obj2: 0.36
obj3: 0.51
--------------
solution: [0,0,1,1,1,1,0,1,1,0,0,0,1,0,1,0,0,0,1,1,0,0,0,0,1,0,0,0,1,0]
obj1: 0.39
obj2: 0.3
obj3: 0.57
--------------
solution: [0,0,1,1,1,1,0,1,1,0,1,0,1,0,0,0,0,1,0,1,1,1,1,0,0,0,1,0,1,0]
obj1: 0.49
obj2: 0.3
obj3: 0.45
--------------
solution: [0,0,1,1,1,1,0,1,0,1,1,0,1,0,0,0,0,1,0,1,0,0,0,0,0,0,0,0,1,0]
obj1: 0.46
obj2: 0.23
obj3: 0.47
--------------
solution: [0,1,1,1,1,1,0,1,0,0,1,0,1,0,1,1,0,0,1,1,0,0,0,1,0,0,0,0,1,0]
obj1: 0.45
obj2: 0.31
obj3: 0.52
--------------
solution: [0,0,1,1,1,1,0,1,1,0,0,0,1,0,1,0,0,0,1,1,0,0,0,0,0,0,1,0,1,1]
obj1: 0.42
obj2: 0.27
obj3: 0.57
--------------
solution: [0,1,1,1,1,0,1,1,0,1,1,1,1,0,0,0,1,1,0,1,0,0,1,0,1,1,1,1,0,0]
obj1: 0.6
obj2: 0.22
obj3: 0.51
--------------
