solution: [0,0,1,1,1,1,0,1,1,0,0,1,1,1,1,1,1,0,1,0,1,0,0,1,0,0,0,0,1,1]
obj1: 0.52
obj2: 0.19
obj3: 0.76
--------------
solution: [0,1,1,1,0,1,1,1,1,0,1,0,1,1,1,0,1,0,1,1,0,0,1,0,0,1,1,0,1,1]
obj1: 0.55
obj2: 0.28
obj3: 0.72
--------------
solution: [0,1,1,1,0,0,0,0,0,0,1,0,0,1,0,0,1,1,1,1,0,0,1,1,1,1,0,0,1,1]
obj1: 0.63
obj2: 0.25
obj3: 0.71
--------------
solution: [0,0,1,0,0,0,0,1,1,1,0,1,1,1,1,0,1,0,0,1,1,1,1,1,0,0,0,1,1,0]
obj1: 0.51
obj2: 0.21
obj3: 0.73
--------------
solution: [1,1,0,1,0,1,1,0,1,0,0,0,1,0,1,0,0,1,0,1,1,1,1,0,0,0,0,1,0,1]
obj1: 0.47
obj2: 0.31
obj3: 0.83
--------------
solution: [1,0,0,1,0,1,1,1,1,0,1,0,1,1,1,0,1,1,0,0,1,1,0,0,1,1,0,1,1,1]
obj1: 0.57
obj2: 0.18
obj3: 0.74
--------------
solution: [0,1,1,1,0,1,1,0,1,1,1,0,0,0,1,1,0,0,1,0,1,1,0,1,0,1,0,1,1,0]
obj1: 0.48
obj2: 0.22
obj3: 0.74
--------------
solution: [0,1,0,1,0,1,0,0,0,0,0,0,0,0,1,0,0,1,1,0,0,1,1,0,1,1,0,1,1,1]
obj1: 0.54
obj2: 0.2
obj3: 0.73
--------------
solution: [0,0,0,1,0,1,1,0,1,0,0,0,1,0,1,0,0,1,0,1,1,1,1,0,1,0,1,1,0,0]
obj1: 0.46
obj2: 0.31
obj3: 0.84
--------------
