solution: [1,0,0,0,0,0,1,1,0,0,0,0,0,0,1,0,1,1,1,0,0,0,1,0,0,0,1,1,1,0]
obj1: 0.55
obj2: 0.25
obj3: 0.63
--------------
solution: [1,1,0,0,1,0,0,1,0,0,0,0,1,0,0,0,1,1,1,1,1,1,0,1,0,1,0,1,1,0]
obj1: 0.48
obj2: 0.38
obj3: 0.38
--------------
solution: [1,0,0,0,0,1,0,1,0,0,0,0,1,1,1,0,1,0,1,0,0,0,0,0,0,0,1,1,1,0]
obj1: 0.49
obj2: 0.26
obj3: 0.73
--------------
solution: [1,0,0,1,1,0,1,1,0,0,0,0,0,1,1,0,1,0,1,1,1,0,1,1,0,1,1,0,0,1]
obj1: 0.53
obj2: 0.29
obj3: 0.49
--------------
solution: [1,0,0,0,0,0,0,0,0,1,0,0,1,0,1,0,1,0,1,0,0,0,1,0,0,0,1,1,1,0]
obj1: 0.49
obj2: 0.27
obj3: 0.53
--------------
solution: [1,1,0,0,1,0,0,1,1,0,0,0,1,0,0,0,0,1,1,1,1,0,1,1,0,1,0,1,1,0]
obj1: 0.46
obj2: 0.37
obj3: 0.5
--------------
solution: [1,0,0,0,0,0,0,0,0,0,0,0,1,0,1,1,0,0,0,0,1,1,0,0,0,0,0,1,1,0]
obj1: 0.34
obj2: 0.47
obj3: 0.78
--------------
solution: [1,0,0,1,0,0,1,1,0,0,0,0,0,0,1,0,1,0,0,0,1,0,1,1,0,1,1,0,0,1]
obj1: 0.54
obj2: 0.24
obj3: 0.72
--------------
solution: [1,1,0,0,1,0,1,1,1,0,0,0,1,0,0,1,0,0,0,0,0,0,0,0,0,1,0,1,1,0]
obj1: 0.39
obj2: 0.35
obj3: 0.7
--------------
solution: [0,0,0,1,1,1,1,1,0,0,0,0,0,0,1,0,1,1,1,0,0,0,0,0,0,0,1,1,0,0]
obj1: 0.54
obj2: 0.28
obj3: 0.47
--------------
solution: [1,1,0,0,1,0,0,1,0,0,0,0,1,0,0,0,1,0,1,0,0,0,1,0,0,0,1,1,1,0]
obj1: 0.47
obj2: 0.27
obj3: 0.76
--------------
solution: [1,0,0,0,0,0,0,1,0,0,0,0,1,0,1,0,0,0,0,0,1,1,0,0,0,0,0,1,1,0]
obj1: 0.35
obj2: 0.38
obj3: 0.63
--------------
solution: [1,0,0,0,1,0,0,1,0,0,0,0,1,0,0,0,1,1,1,1,1,1,0,1,0,1,0,1,1,0]
obj1: 0.46
obj2: 0.38
obj3: 0.43
--------------
solution: [1,0,0,1,1,1,0,1,0,0,0,0,0,0,1,0,1,1,1,1,0,0,1,0,0,1,1,1,1,1]
obj1: 0.49
obj2: 0.33
obj3: 0.44
--------------
solution: [1,0,0,1,1,1,1,1,1,0,0,0,1,1,1,0,1,0,1,1,1,0,1,1,0,1,1,0,0,1]
obj1: 0.5
obj2: 0.31
obj3: 0.43
--------------
solution: [1,0,0,0,1,0,0,1,0,0,0,0,1,0,1,0,0,0,1,0,0,0,1,0,0,0,1,1,1,0]
obj1: 0.4
obj2: 0.28
obj3: 0.53
--------------
