solution: [1,1,1,1,1,0,1,1,1,0,0,1,0,0,1,0,1,1,0,0,0,1,0,1,0,1,1,0,0,0]
obj1: 0.64
obj2: 0.56
obj3: 0.44
--------------
solution: [1,0,1,0,0,1,1,0,0,0,0,0,0,0,0,1,1,0,1,0,0,1,0,1,1,0,0,1,0,1]
obj1: 0.64
obj2: 0.52
obj3: 0.65
--------------
solution: [0,1,0,0,0,1,1,0,1,0,0,1,0,0,0,1,1,1,0,1,0,1,0,1,0,0,0,1,1,0]
obj1: 0.55
obj2: 0.6
obj3: 0.52
--------------
solution: [0,1,1,1,1,0,0,0,0,0,0,1,1,0,0,0,1,1,0,1,0,1,0,1,0,0,1,0,0,0]
obj1: 0.57
obj2: 0.65
obj3: 0.45
--------------
solution: [1,1,0,1,0,0,0,0,0,0,0,0,1,0,1,1,1,1,1,0,0,1,0,1,1,0,1,1,0,0]
obj1: 0.66
obj2: 0.58
obj3: 0.34
--------------
solution: [0,1,1,0,0,1,0,1,0,0,0,1,0,0,1,1,0,1,1,0,1,1,0,1,0,1,1,0,0,0]
obj1: 0.58
obj2: 0.55
obj3: 0.57
--------------
solution: [1,0,0,1,0,0,0,0,1,1,0,1,1,1,1,0,1,1,1,1,0,0,1,0,0,0,0,0,0,0]
obj1: 0.64
obj2: 0.65
obj3: 0.33
--------------
solution: [1,1,1,1,0,1,1,0,0,1,1,0,0,0,0,1,1,0,0,1,0,0,1,0,0,1,1,0,1,1]
obj1: 0.64
obj2: 0.61
obj3: 0.34
--------------
solution: [1,1,0,1,0,0,0,1,0,1,1,1,1,1,1,1,1,1,1,0,0,1,0,1,1,0,1,1,0,0]
obj1: 0.67
obj2: 0.59
obj3: 0.28
--------------
solution: [1,1,1,1,1,0,1,1,0,0,0,1,0,0,0,1,0,0,0,1,0,1,0,1,0,1,1,0,0,0]
obj1: 0.58
obj2: 0.58
obj3: 0.42
--------------
solution: [1,1,0,1,0,0,0,0,1,1,0,1,1,1,1,0,1,1,1,1,1,0,0,0,0,0,0,0,0,0]
obj1: 0.58
obj2: 0.66
obj3: 0.37
--------------
solution: [1,0,0,0,0,1,1,0,1,0,0,1,0,0,0,1,0,0,1,0,0,0,1,1,1,1,1,1,1,0]
obj1: 0.66
obj2: 0.53
obj3: 0.43
--------------
solution: [1,0,0,1,0,0,0,0,1,1,0,1,1,1,1,0,1,1,0,1,0,1,0,1,0,0,1,0,0,0]
obj1: 0.63
obj2: 0.63
obj3: 0.36
--------------
solution: [1,0,1,0,0,0,1,1,1,0,0,1,0,0,1,1,1,0,0,0,0,1,0,1,1,1,1,0,0,0]
obj1: 0.68
obj2: 0.54
obj3: 0.35
--------------
solution: [1,0,0,0,0,1,1,1,1,0,1,1,0,0,1,0,1,1,0,0,1,0,0,0,1,0,1,1,1,1]
obj1: 0.69
obj2: 0.51
obj3: 0.53
--------------
solution: [1,0,0,0,1,1,1,1,1,0,1,1,0,0,1,1,0,0,0,1,1,0,0,0,1,0,1,1,1,1]
obj1: 0.65
obj2: 0.55
obj3: 0.56
--------------
solution: [1,1,1,1,1,1,1,0,0,1,0,0,0,0,1,0,1,1,0,0,0,1,0,1,0,1,1,0,0,0]
obj1: 0.65
obj2: 0.57
obj3: 0.38
--------------
solution: [0,1,0,1,0,1,1,0,1,0,0,1,1,0,0,1,0,0,1,0,0,1,0,1,0,0,0,1,1,0]
obj1: 0.53
obj2: 0.63
obj3: 0.48
--------------
