solution: [1,1,0,1,1,1,0,1,1,1,0,1,1,0,1,0,0,1,0,1,1,1,1,0,0,0,0,1,0,1]
obj1: 0.49
obj2: 0.3
obj3: 0.72
--------------
solution: [0,1,1,1,0,1,1,0,1,1,1,0,0,0,1,1,0,1,1,0,1,1,0,1,0,1,0,1,1,0]
obj1: 0.55
obj2: 0.35
obj3: 0.53
--------------
solution: [0,0,0,1,0,1,1,0,1,0,0,0,1,0,1,0,0,1,0,1,1,1,1,0,1,0,1,1,1,0]
obj1: 0.52
obj2: 0.3
obj3: 0.55
--------------
solution: [0,0,1,1,1,1,0,0,0,0,1,0,0,0,1,0,1,0,0,1,0,1,1,0,1,1,1,0,1,0]
obj1: 0.55
obj2: 0.27
obj3: 0.56
--------------
solution: [0,1,1,1,1,1,0,1,1,0,1,0,1,0,0,0,1,0,0,1,0,1,1,1,0,0,1,0,0,1]
obj1: 0.57
obj2: 0.26
obj3: 0.46
--------------
solution: [1,1,1,1,1,0,1,0,0,1,1,1,1,0,0,0,1,1,0,1,0,0,0,1,1,0,1,1,0,0]
obj1: 0.64
obj2: 0.22
obj3: 0.51
--------------
solution: [0,1,1,1,1,1,0,1,1,1,1,0,1,0,0,0,0,1,0,0,1,0,0,1,1,0,0,0,0,1]
obj1: 0.56
obj2: 0.22
obj3: 0.7
--------------
solution: [1,0,0,1,1,1,1,1,1,1,0,1,1,0,1,0,0,1,0,1,1,1,1,1,0,1,1,0,1,0]
obj1: 0.5
obj2: 0.3
obj3: 0.69
--------------
solution: [0,0,1,0,1,1,1,0,1,1,0,1,1,0,1,1,0,0,1,1,1,0,1,0,0,0,0,1,0,1]
obj1: 0.48
obj2: 0.31
obj3: 0.72
--------------
solution: [0,1,1,1,0,0,0,0,0,1,0,0,0,0,1,0,0,0,1,1,1,1,1,0,1,1,1,1,0,0]
obj1: 0.55
obj2: 0.26
obj3: 0.63
--------------
solution: [0,0,1,1,1,1,0,1,0,0,1,0,1,0,1,1,0,0,1,1,1,0,1,1,0,0,0,0,1,0]
obj1: 0.43
obj2: 0.32
obj3: 0.56
--------------
solution: [0,0,1,1,1,0,0,1,1,0,1,0,1,0,1,1,0,0,1,1,1,0,1,0,0,0,0,1,0,0]
obj1: 0.42
obj2: 0.35
obj3: 0.6
--------------
solution: [0,1,1,1,1,0,1,0,0,1,1,1,1,0,0,0,1,1,0,1,1,1,1,0,1,0,1,1,0,0]
obj1: 0.61
obj2: 0.24
obj3: 0.5
--------------
solution: [0,0,1,0,1,1,1,0,0,1,1,1,0,0,1,0,1,0,0,1,0,1,1,0,1,1,1,1,0,1]
obj1: 0.63
obj2: 0.22
obj3: 0.63
--------------
solution: [1,0,1,1,1,0,1,0,0,1,1,1,1,0,0,0,1,1,0,1,1,0,0,0,1,0,1,0,1,0]
obj1: 0.56
obj2: 0.24
obj3: 0.51
--------------
solution: [1,1,1,1,1,0,1,0,0,1,1,1,1,0,0,0,1,1,0,0,1,0,1,1,1,0,1,0,0,1]
obj1: 0.62
obj2: 0.23
obj3: 0.59
--------------
