solution: [0,0,1,0,0,0,0,1,1,1,0,1,1,1,1,0,1,0,0,1,1,1,1,1,0,0,0,1,1,0]
obj1: 0.51
obj2: 0.21
obj3: 0.73
--------------
solution: [0,1,1,1,0,1,1,0,1,1,1,0,0,0,1,1,0,0,1,0,1,1,0,1,0,1,0,1,1,0]
obj1: 0.48
obj2: 0.22
obj3: 0.74
--------------
solution: [0,0,0,1,0,1,0,0,1,0,0,0,1,0,1,0,0,1,0,0,1,1,0,1,0,1,0,1,1,0]
obj1: 0.4
obj2: 0.18
obj3: 0.76
--------------
solution: [0,0,1,1,0,0,1,0,1,1,1,0,0,0,1,1,0,0,1,0,1,1,0,1,0,1,0,1,1,0]
obj1: 0.52
obj2: 0.17
obj3: 0.68
--------------
solution: [0,0,1,1,0,1,1,0,0,1,0,0,1,0,1,0,1,1,1,0,1,1,0,0,0,0,0,1,1,0]
obj1: 0.49
obj2: 0.17
obj3: 0.76
--------------
