solution: [0,1,0,1,0,0,0,0,1,0,1,0,0,1,0,0,0,1,1,1,1,0,0,0,1,0,1,1,1,1]
obj1: 0.55
obj2: 0.64
obj3: 0.37
--------------
solution: [0,1,0,1,0,1,1,1,1,0,1,0,1,1,0,1,0,0,1,0,1,1,1,1,0,1,1,1,1,1]
obj1: 0.54
obj2: 0.57
obj3: 0.39
--------------
solution: [0,1,0,1,0,0,0,0,1,1,0,0,0,0,0,1,0,1,1,1,0,0,1,0,1,0,0,1,0,0]
obj1: 0.52
obj2: 0.68
obj3: 0.64
--------------
solution: [0,0,1,1,1,1,1,0,0,0,1,1,1,1,0,1,0,1,1,1,1,1,0,1,1,1,1,1,1,1]
obj1: 0.57
obj2: 0.6
obj3: 0.29
--------------
solution: [0,0,0,0,1,0,0,1,1,0,0,0,1,0,1,1,1,0,1,1,1,1,0,0,0,0,0,1,0,1]
obj1: 0.5
obj2: 0.68
obj3: 0.65
--------------
solution: [0,0,0,1,0,1,0,0,1,1,0,0,1,1,0,1,1,1,1,0,1,1,0,0,0,0,1,1,1,1]
obj1: 0.53
obj2: 0.61
obj3: 0.6
--------------
solution: [0,0,0,1,0,1,0,1,0,0,0,1,0,0,0,1,1,1,0,1,1,0,0,0,0,0,0,1,1,0]
obj1: 0.52
obj2: 0.62
obj3: 0.7
--------------
solution: [1,1,0,1,1,0,0,0,0,0,0,0,1,0,0,1,1,0,1,1,0,0,0,0,0,0,0,1,1,0]
obj1: 0.49
obj2: 0.72
obj3: 0.56
--------------
solution: [0,1,0,1,0,1,1,1,1,0,1,0,1,1,0,1,0,0,1,0,1,0,1,1,0,1,1,0,1,1]
obj1: 0.57
obj2: 0.54
obj3: 0.43
--------------
solution: [1,0,0,0,0,1,1,1,0,0,1,0,0,0,0,0,1,1,0,0,1,1,1,1,1,1,1,0,1,0]
obj1: 0.72
obj2: 0.53
obj3: 0.6
--------------
solution: [0,1,0,0,1,1,1,1,0,0,1,1,1,0,1,0,1,0,0,1,1,1,0,1,0,0,0,1,1,1]
obj1: 0.53
obj2: 0.63
obj3: 0.4
--------------
