solution: [1,0,0,0,0,0,1,0,1,0,1,0,0,1,1,0,1,0,0,1,0,1,1,0,0,0,0,1,0,1]
obj1: 0.73
obj2: 0.75
obj3: 0.19
--------------
solution: [0,1,1,1,1,0,0,0,0,1,0,0,0,0,1,0,0,0,0,1,0,1,1,1,1,1,1,1,1,1]
obj1: 0.73
obj2: 0.67
obj3: 0.4
--------------
solution: [0,0,1,0,1,0,1,0,1,1,1,1,0,1,1,0,0,0,1,1,1,1,1,1,1,1,0,0,1,0]
obj1: 0.72
obj2: 0.67
obj3: 0.41
--------------
solution: [0,0,0,1,1,0,1,1,0,0,0,0,0,0,1,0,0,1,1,0,0,0,1,0,1,0,0,0,0,1]
obj1: 0.8
obj2: 0.66
obj3: 0.28
--------------
solution: [0,1,1,1,0,0,0,1,0,1,0,1,0,1,0,1,1,0,1,0,0,1,0,0,1,1,0,0,1,0]
obj1: 0.71
obj2: 0.67
obj3: 0.46
--------------
solution: [0,1,1,0,1,1,1,0,1,1,0,0,1,0,1,1,1,0,0,1,1,1,0,1,0,0,1,0,1,0]
obj1: 0.68
obj2: 0.76
obj3: 0.29
--------------
solution: [0,1,0,0,0,1,0,1,1,0,1,0,0,0,1,1,0,0,1,0,1,1,0,0,1,1,1,0,1,0]
obj1: 0.69
obj2: 0.71
obj3: 0.3
--------------
solution: [0,1,1,0,1,0,0,0,1,1,0,1,1,0,1,1,1,0,1,1,1,0,1,0,1,1,1,1,0,1]
obj1: 0.7
obj2: 0.69
obj3: 0.32
--------------
solution: [0,1,1,0,1,1,0,1,0,1,1,1,1,0,1,0,1,1,1,1,0,0,0,1,1,1,1,0,0,0]
obj1: 0.72
obj2: 0.68
obj3: 0.36
--------------
solution: [1,0,1,0,1,1,0,0,0,1,0,1,1,1,1,0,0,0,0,1,0,1,1,0,0,0,1,0,1,1]
obj1: 0.7
obj2: 0.7
obj3: 0.27
--------------
solution: [1,0,1,1,1,1,0,1,1,1,0,1,0,1,1,0,0,0,1,0,0,0,0,1,1,1,0,1,0,0]
obj1: 0.74
obj2: 0.66
obj3: 0.33
--------------
