solution: [1,1,1,1,0,1,1,0,1,0,1,1,0,1,0,0,1,1,1,1,0,0,1,1,1,1,1,0,0,1]
obj1: 0.64
obj2: 0.72
obj3: 0.25
--------------
solution: [1,0,1,1,1,1,1,1,1,1,1,0,1,1,1,0,0,0,0,1,0,0,0,1,1,0,0,0,1,1]
obj1: 0.67
obj2: 0.73
obj3: 0.23
--------------
solution: [0,0,1,0,1,0,1,0,1,1,1,0,1,1,1,0,0,0,1,0,1,0,1,1,1,0,0,0,0,1]
obj1: 0.69
obj2: 0.71
obj3: 0.25
--------------
solution: [0,1,1,0,1,1,0,0,0,0,0,0,0,1,1,1,0,0,1,0,0,0,1,1,0,0,0,1,0,1]
obj1: 0.6
obj2: 0.78
obj3: 0.23
--------------
solution: [0,0,1,1,1,0,0,0,1,0,0,1,0,1,0,1,0,0,1,1,0,0,0,1,1,1,0,0,1,0]
obj1: 0.58
obj2: 0.8
obj3: 0.26
--------------
solution: [1,0,0,1,0,1,1,0,1,0,0,0,1,0,1,1,1,1,0,1,0,1,0,0,1,0,0,1,0,1]
obj1: 0.57
obj2: 0.75
obj3: 0.3
--------------
solution: [0,0,0,1,1,0,0,0,1,1,1,1,1,1,1,1,1,0,1,1,1,1,1,1,1,0,0,1,1,0]
obj1: 0.59
obj2: 0.79
obj3: 0.27
--------------
solution: [0,1,0,1,0,0,1,0,0,0,1,0,0,0,0,0,0,0,0,1,1,0,0,0,1,0,1,1,1,1]
obj1: 0.66
obj2: 0.68
obj3: 0.37
--------------
solution: [0,1,1,1,1,1,1,0,0,0,0,1,1,0,0,1,1,0,1,1,0,1,0,1,0,0,0,1,0,1]
obj1: 0.52
obj2: 0.76
obj3: 0.32
--------------
solution: [0,1,0,0,1,1,0,1,0,0,1,1,1,0,0,1,0,1,0,1,0,0,0,0,1,0,1,1,1,0]
obj1: 0.59
obj2: 0.75
obj3: 0.28
--------------
solution: [0,0,0,0,1,0,0,0,0,1,1,0,0,0,1,1,0,1,1,1,0,1,0,1,0,1,0,1,1,1]
obj1: 0.68
obj2: 0.79
obj3: 0.2
--------------
solution: [0,0,0,0,0,1,0,1,0,1,0,1,1,1,0,0,0,1,0,0,1,0,1,1,1,1,1,0,0,1]
obj1: 0.72
obj2: 0.62
obj3: 0.32
--------------
solution: [0,1,0,1,0,1,1,0,1,0,0,0,1,0,1,1,1,1,0,1,0,1,0,0,0,1,0,0,0,1]
obj1: 0.54
obj2: 0.76
obj3: 0.29
--------------
solution: [1,0,1,1,1,1,1,1,1,1,1,0,1,1,1,0,0,0,0,1,0,0,0,1,1,0,0,1,1,1]
obj1: 0.65
obj2: 0.74
obj3: 0.22
--------------
solution: [1,0,1,1,0,1,0,1,0,1,1,0,1,1,1,1,0,1,1,0,1,0,0,1,1,1,1,0,1,1]
obj1: 0.71
obj2: 0.7
obj3: 0.22
--------------
solution: [0,1,0,1,1,1,1,0,1,0,1,1,1,1,0,0,1,0,0,1,0,0,0,0,0,1,1,0,0,1]
obj1: 0.56
obj2: 0.73
obj3: 0.31
--------------
