solution: [0,0,0,0,0,1,1,0,0,0,1,0,0,0,0,0,0,1,1,0,0,0,0,1,1,1,1,0,0,0]
obj1: 0.75
obj2: 0.2
obj3: 0.65
--------------
solution: [0,1,0,1,0,1,1,0,0,1,0,0,0,1,0,0,0,0,0,0,0,0,0,1,1,1,1,0,0,0]
obj1: 0.69
obj2: 0.17
obj3: 0.77
--------------
solution: [0,1,0,1,1,0,0,0,1,0,0,0,1,0,1,1,0,1,0,1,0,0,0,0,0,1,0,1,0,1]
obj1: 0.46
obj2: 0.42
obj3: 0.5
--------------
solution: [1,0,0,0,1,0,0,1,0,1,1,0,1,0,1,0,0,1,0,1,0,1,0,1,0,1,1,0,0,1]
obj1: 0.56
obj2: 0.32
obj3: 0.38
--------------
solution: [0,1,1,1,0,0,1,1,0,0,1,0,0,1,0,0,0,1,0,1,0,0,0,0,0,0,1,1,0,1]
obj1: 0.68
obj2: 0.3
obj3: 0.48
--------------
solution: [0,1,0,1,1,0,0,0,1,0,0,0,1,0,0,1,0,0,0,0,0,0,0,0,1,1,1,1,0,1]
obj1: 0.5
obj2: 0.33
obj3: 0.6
--------------
solution: [1,1,0,1,1,0,0,0,1,0,0,0,1,1,1,1,0,0,0,1,0,0,0,1,0,1,0,1,0,1]
obj1: 0.49
obj2: 0.41
obj3: 0.53
--------------
solution: [0,1,0,1,1,0,0,0,1,0,0,0,1,0,0,1,0,0,0,0,0,0,0,0,0,1,1,1,0,1]
obj1: 0.47
obj2: 0.36
obj3: 0.58
--------------
solution: [0,0,0,0,0,1,1,0,0,1,0,0,1,0,0,0,0,1,0,0,0,0,0,0,1,1,0,0,0,0]
obj1: 0.59
obj2: 0.21
obj3: 0.71
--------------
solution: [1,0,0,1,0,1,1,1,0,1,1,0,1,1,1,0,0,0,1,0,1,0,0,0,0,0,1,0,0,1]
obj1: 0.54
obj2: 0.27
obj3: 0.62
--------------
solution: [0,0,0,0,0,1,1,1,1,0,1,0,1,0,1,0,0,0,0,0,0,0,0,1,1,1,1,0,0,0]
obj1: 0.61
obj2: 0.22
obj3: 0.61
--------------
solution: [1,0,0,0,0,1,1,0,0,1,0,0,1,1,1,0,0,0,0,0,0,0,0,0,1,1,0,0,0,0]
obj1: 0.55
obj2: 0.25
obj3: 0.76
--------------
solution: [1,0,1,0,1,0,1,0,0,1,1,0,1,0,0,0,0,1,0,0,0,0,0,0,1,1,0,0,0,0]
obj1: 0.58
obj2: 0.24
obj3: 0.61
--------------
solution: [1,0,0,0,1,0,0,1,0,1,1,0,1,0,1,1,0,1,1,1,0,1,0,0,1,1,0,1,0,1]
obj1: 0.51
obj2: 0.39
obj3: 0.49
--------------
solution: [0,1,0,1,1,0,1,0,0,1,0,1,0,1,0,0,0,1,1,0,0,0,0,1,1,1,1,1,0,1]
obj1: 0.65
obj2: 0.25
obj3: 0.59
--------------
solution: [0,1,1,0,1,0,1,1,1,0,0,0,1,1,1,1,0,0,0,1,0,1,0,1,0,1,1,0,0,0]
obj1: 0.55
obj2: 0.37
obj3: 0.51
--------------
solution: [0,0,0,0,0,1,1,0,0,1,1,0,1,0,0,0,0,1,1,0,0,0,0,1,1,1,1,0,0,0]
obj1: 0.67
obj2: 0.21
obj3: 0.66
--------------
solution: [0,0,0,1,0,1,1,0,0,1,0,1,0,1,0,1,0,1,1,0,0,0,0,1,1,1,1,0,0,0]
obj1: 0.65
obj2: 0.28
obj3: 0.56
--------------
solution: [0,1,1,0,1,1,0,1,1,1,1,0,1,1,1,0,1,0,0,0,0,0,1,0,0,1,0,0,1,1]
obj1: 0.53
obj2: 0.31
obj3: 0.69
--------------
solution: [0,0,0,1,0,1,1,0,0,1,0,1,0,1,0,1,0,1,1,0,0,0,0,1,0,1,1,0,0,0]
obj1: 0.63
obj2: 0.3
obj3: 0.56
--------------
