solution: [1,1,0,1,0,1,1,0,0,1,0,1,1,0,1,0,1,0,1,0,1,1,0,1,1,0,0,1,1,0]
obj1: 0.64
obj2: 0.46
obj3: 0.27
--------------
solution: [1,1,0,1,0,1,1,0,0,1,0,1,1,0,1,0,1,0,1,1,1,1,0,1,1,0,0,1,1,0]
obj1: 0.62
obj2: 0.49
obj3: 0.27
--------------
solution: [0,1,1,0,0,0,1,1,0,0,0,1,0,0,1,0,0,0,1,0,1,1,1,0,0,0,0,1,1,0]
obj1: 0.63
obj2: 0.37
obj3: 0.74
--------------
solution: [1,0,1,1,0,0,0,1,0,0,1,1,1,0,1,1,0,1,0,1,0,0,1,0,1,0,1,0,0,0]
obj1: 0.7
obj2: 0.48
obj3: 0.26
--------------
solution: [0,0,1,0,0,0,1,0,1,0,0,0,0,0,1,0,0,1,1,0,0,1,0,0,0,0,0,0,1,0]
obj1: 0.7
obj2: 0.36
obj3: 0.78
--------------
solution: [0,1,1,0,1,1,0,0,0,1,0,1,0,1,0,1,1,0,0,1,0,0,0,1,0,0,1,1,1,1]
obj1: 0.61
obj2: 0.53
obj3: 0.31
--------------
solution: [1,1,0,1,1,1,1,0,0,0,0,1,1,0,1,0,0,1,1,0,1,1,0,1,0,0,0,1,1,0]
obj1: 0.63
obj2: 0.43
obj3: 0.33
--------------
solution: [0,1,1,0,0,0,1,0,0,1,0,1,1,0,1,0,0,0,1,0,1,1,1,0,0,0,0,1,1,0]
obj1: 0.63
obj2: 0.41
obj3: 0.53
--------------
solution: [1,0,1,0,0,0,1,0,1,0,0,0,0,0,1,0,0,1,1,0,0,1,0,0,1,0,0,1,0,0]
obj1: 0.71
obj2: 0.34
obj3: 0.28
--------------
solution: [0,1,1,0,0,1,0,1,1,0,0,1,0,0,1,0,0,0,0,1,0,1,0,0,0,0,0,0,1,1]
obj1: 0.55
obj2: 0.47
obj3: 0.46
--------------
solution: [0,1,1,0,0,0,1,1,1,1,0,1,0,0,1,0,0,0,1,1,0,1,0,0,0,0,0,0,1,0]
obj1: 0.6
obj2: 0.46
obj3: 0.59
--------------
solution: [1,1,0,1,0,1,1,1,0,0,0,1,0,0,1,0,1,0,1,1,1,1,0,1,1,0,0,1,1,0]
obj1: 0.62
obj2: 0.47
obj3: 0.33
--------------
