solution: [0,1,0,1,1,0,0,0,0,0,1,1,1,0,1,1,0,0,1,0,1,1,1,1,1,1,0,1,1,1]
obj1: 0.55
obj2: 0.3
obj3: 0.69
--------------
solution: [0,0,1,1,1,1,1,1,0,1,1,1,0,0,0,0,0,1,0,0,1,1,1,0,0,1,0,0,0,1]
obj1: 0.62
obj2: 0.25
obj3: 0.8
--------------
solution: [0,1,1,0,1,1,1,1,1,1,1,1,1,0,0,1,1,0,0,1,1,1,1,0,1,1,1,1,1,1]
obj1: 0.57
obj2: 0.4
obj3: 0.67
--------------
solution: [1,0,0,1,1,0,1,0,0,1,0,1,1,0,1,0,0,1,1,1,0,1,0,1,0,0,0,0,0,1]
obj1: 0.58
obj2: 0.29
obj3: 0.71
--------------
solution: [1,0,1,1,1,0,1,1,1,0,0,1,1,0,1,0,1,1,0,1,0,0,0,1,0,1,0,0,0,1]
obj1: 0.6
obj2: 0.28
obj3: 0.65
--------------
solution: [1,0,0,1,0,1,0,0,1,1,0,1,1,1,0,0,1,1,1,0,0,1,1,0,0,1,0,0,1,1]
obj1: 0.58
obj2: 0.34
obj3: 0.67
--------------
solution: [0,1,0,1,1,0,0,1,1,0,1,0,0,1,0,1,0,0,1,1,1,0,0,1,1,0,0,1,1,1]
obj1: 0.57
obj2: 0.44
obj3: 0.64
--------------
solution: [0,1,1,1,0,0,0,0,1,0,0,1,1,1,0,0,0,0,0,0,0,1,0,0,0,1,0,0,1,1]
obj1: 0.46
obj2: 0.38
obj3: 0.83
--------------
solution: [0,1,0,1,1,1,0,0,1,1,0,1,0,0,1,0,1,1,0,1,0,1,1,1,1,1,0,1,0,1]
obj1: 0.56
obj2: 0.28
obj3: 0.78
--------------
solution: [1,0,0,1,1,1,1,1,0,1,1,1,0,0,1,0,1,1,0,0,1,1,1,0,0,0,0,0,1,1]
obj1: 0.66
obj2: 0.25
obj3: 0.73
--------------
solution: [0,0,1,0,0,0,0,0,0,0,1,1,1,0,1,0,0,0,1,0,1,1,0,0,1,1,0,0,1,0]
obj1: 0.53
obj2: 0.29
obj3: 0.81
--------------
solution: [0,1,1,1,1,0,0,0,0,0,1,1,1,0,1,1,1,0,0,0,1,1,0,0,1,1,0,1,1,1]
obj1: 0.54
obj2: 0.29
obj3: 0.72
--------------
solution: [0,0,0,1,0,0,0,1,0,1,0,1,0,1,1,1,1,1,1,0,1,0,1,1,1,1,0,0,0,1]
obj1: 0.65
obj2: 0.34
obj3: 0.64
--------------
solution: [0,1,0,1,0,0,0,0,0,0,0,1,1,1,0,0,1,0,0,0,1,1,0,1,0,1,1,1,1,1]
obj1: 0.5
obj2: 0.33
obj3: 0.77
--------------
solution: [1,0,0,1,0,1,0,0,1,1,1,1,1,1,0,0,0,1,1,0,0,1,1,0,0,1,0,0,1,1]
obj1: 0.58
obj2: 0.34
obj3: 0.67
--------------
solution: [0,1,1,1,0,0,0,0,1,0,0,1,1,1,0,0,0,0,0,0,0,1,1,1,1,0,0,1,1,0]
obj1: 0.48
obj2: 0.34
obj3: 0.7
--------------
