solution: [0,1,0,1,1,1,0,1,0,0,0,0,0,0,1,1,0,0,0,0,1,0,1,0,0,0,1,0,1,0]
obj1: 0.46
obj2: 0.44
obj3: 0.29
--------------
solution: [0,1,0,0,0,1,1,1,0,1,1,0,0,0,0,0,0,0,1,0,1,0,0,0,1,0,1,0,1,1]
obj1: 0.63
obj2: 0.37
obj3: 0.38
--------------
solution: [0,1,0,1,0,1,1,0,0,1,1,0,0,0,0,0,0,0,1,0,1,0,0,0,1,0,1,0,1,1]
obj1: 0.63
obj2: 0.39
obj3: 0.3
--------------
solution: [0,0,0,1,0,1,0,1,0,0,0,0,0,0,1,1,0,0,1,0,1,0,0,0,0,1,1,0,1,0]
obj1: 0.44
obj2: 0.49
obj3: 0.31
--------------
solution: [0,1,0,1,0,1,0,1,0,1,0,0,0,0,1,1,0,0,0,0,1,0,0,0,0,0,1,0,1,0]
obj1: 0.49
obj2: 0.41
obj3: 0.28
--------------
solution: [0,1,0,1,1,1,0,0,0,0,0,0,0,0,1,1,0,0,0,0,1,0,0,0,0,0,1,0,1,0]
obj1: 0.46
obj2: 0.45
obj3: 0.27
--------------
solution: [0,0,0,1,1,1,0,1,0,0,0,0,0,0,1,1,0,0,1,0,1,0,0,0,0,0,1,0,1,1]
obj1: 0.43
obj2: 0.45
obj3: 0.32
--------------
solution: [0,1,0,0,0,1,1,1,0,1,1,0,0,1,1,0,0,0,0,0,0,0,0,0,0,0,1,0,1,1]
obj1: 0.65
obj2: 0.35
obj3: 0.49
--------------
