solution: [1,0,1,0,1,1,0,0,0,0,1,0,0,1,1,0,1,0,0,1,0,1,1,0,0,0,1,0,1,0]
obj1: 0.71
obj2: 0.74
obj3: 0.24
--------------
solution: [0,1,1,0,1,0,0,0,1,0,0,1,1,0,1,0,1,0,0,1,0,1,1,0,0,0,1,1,0,1]
obj1: 0.67
obj2: 0.7
obj3: 0.26
--------------
solution: [0,1,1,1,0,0,1,0,1,0,0,1,0,1,0,1,1,0,1,0,0,1,0,0,1,1,0,0,1,0]
obj1: 0.68
obj2: 0.69
obj3: 0.41
--------------
solution: [1,0,1,0,1,1,0,1,0,1,0,1,1,0,1,0,0,0,1,0,0,1,0,0,0,0,1,0,1,1]
obj1: 0.73
obj2: 0.65
obj3: 0.27
--------------
solution: [1,1,1,0,1,1,0,0,0,1,0,1,1,1,1,0,0,0,0,1,0,1,1,0,0,0,1,0,1,1]
obj1: 0.68
obj2: 0.71
obj3: 0.25
--------------
solution: [1,0,1,0,0,0,1,0,1,1,0,1,0,0,1,1,1,0,1,1,0,1,0,0,1,0,0,1,0,0]
obj1: 0.73
obj2: 0.68
obj3: 0.19
--------------
solution: [1,1,1,0,1,1,0,1,0,1,1,0,0,1,0,1,1,0,0,1,1,1,1,0,0,0,1,0,1,1]
obj1: 0.7
obj2: 0.78
obj3: 0.22
--------------
solution: [1,0,1,0,0,1,0,1,0,1,0,1,0,0,1,0,0,0,1,0,0,1,0,0,0,0,1,0,1,1]
obj1: 0.74
obj2: 0.64
obj3: 0.26
--------------
solution: [0,1,1,0,1,0,0,0,1,0,0,1,1,0,1,0,1,1,1,0,0,1,0,0,0,0,1,1,0,1]
obj1: 0.71
obj2: 0.66
obj3: 0.25
--------------
solution: [0,1,1,1,1,1,0,1,0,1,0,1,1,0,1,0,1,0,1,1,0,1,0,0,1,1,1,0,1,0]
obj1: 0.69
obj2: 0.67
obj3: 0.32
--------------
solution: [1,1,0,0,0,0,0,1,0,1,0,1,0,0,1,1,0,1,1,0,0,0,1,0,1,0,0,0,0,1]
obj1: 0.79
obj2: 0.65
obj3: 0.23
--------------
solution: [1,0,0,1,0,0,0,0,0,1,0,0,0,0,1,1,0,1,1,1,0,0,1,0,0,0,0,1,0,1]
obj1: 0.79
obj2: 0.72
obj3: 0.17
--------------
solution: [0,0,0,0,0,0,1,0,1,0,0,0,0,0,1,0,1,1,1,0,0,1,1,0,1,1,0,0,0,1]
obj1: 0.77
obj2: 0.61
obj3: 0.36
--------------
solution: [0,1,1,0,1,0,0,1,1,0,0,1,1,0,1,0,0,1,0,0,0,1,0,0,0,0,1,1,0,1]
obj1: 0.7
obj2: 0.68
obj3: 0.25
--------------
solution: [0,0,1,0,1,0,1,1,0,1,0,1,0,0,1,0,0,1,1,0,0,0,1,1,1,0,0,1,0,1]
obj1: 0.81
obj2: 0.61
obj3: 0.28
--------------
solution: [0,1,1,1,0,0,0,0,0,0,0,1,0,0,1,1,1,0,1,1,0,1,0,0,1,1,0,0,1,0]
obj1: 0.67
obj2: 0.66
obj3: 0.48
--------------
solution: [1,0,0,1,1,0,1,1,0,0,1,0,0,1,1,0,1,0,0,1,0,1,1,0,0,0,0,1,0,1]
obj1: 0.74
obj2: 0.75
obj3: 0.17
--------------
solution: [1,1,1,0,1,1,0,0,0,1,0,1,1,0,1,0,0,0,0,1,0,1,1,0,0,0,1,0,1,1]
obj1: 0.69
obj2: 0.69
obj3: 0.25
--------------
solution: [1,1,1,0,1,1,0,1,0,0,1,0,0,1,0,1,1,0,0,1,1,1,1,0,0,1,1,0,1,1]
obj1: 0.68
obj2: 0.76
obj3: 0.23
--------------
