solution: [1,1,0,1,1,0,0,1,0,1,0,0,0,0,1,0,0,0,0,0,0,0,0,0,0,0,0,1,0,0]
obj1: 0.45
obj2: 0.42
obj3: 0.28
--------------
solution: [1,0,0,1,1,0,0,1,0,0,0,0,1,0,1,0,0,0,0,0,0,0,0,0,0,1,0,0,1,1]
obj1: 0.32
obj2: 0.43
obj3: 0.33
--------------
solution: [0,1,0,1,0,0,1,1,0,1,0,0,1,0,0,0,0,0,0,0,0,0,1,0,1,0,0,0,0,0]
obj1: 0.53
obj2: 0.34
obj3: 0.33
--------------
solution: [0,0,0,1,1,0,0,1,1,0,0,0,1,0,1,0,0,0,0,0,0,0,0,0,1,0,1,1,1,1]
obj1: 0.45
obj2: 0.41
obj3: 0.45
--------------
solution: [1,0,0,1,1,0,0,1,0,0,0,0,1,0,1,1,0,0,0,0,0,0,0,0,0,1,0,0,1,1]
obj1: 0.31
obj2: 0.47
obj3: 0.55
--------------
solution: [0,0,1,0,1,0,0,1,0,1,0,0,0,0,1,0,0,0,0,0,0,0,1,0,0,0,0,0,1,1]
obj1: 0.44
obj2: 0.42
obj3: 0.53
--------------
solution: [1,0,0,1,0,0,0,1,0,1,0,0,0,0,1,0,0,0,0,0,0,0,0,0,0,0,0,1,1,1]
obj1: 0.43
obj2: 0.46
obj3: 0.31
--------------
solution: [1,1,0,1,1,0,0,1,0,1,0,0,1,0,0,0,0,0,0,0,0,0,1,0,0,0,0,1,0,0]
obj1: 0.44
obj2: 0.43
obj3: 0.32
--------------
solution: [0,1,0,1,0,0,1,1,0,1,0,0,0,0,1,0,0,0,0,0,0,0,0,0,1,0,0,0,0,0]
obj1: 0.56
obj2: 0.33
obj3: 0.29
--------------
solution: [1,1,0,1,1,0,0,1,0,1,0,0,1,0,1,0,0,0,0,0,0,0,0,0,1,0,1,0,1,1]
obj1: 0.47
obj2: 0.36
obj3: 0.29
--------------
solution: [1,1,0,1,1,0,1,1,0,0,1,0,0,0,1,0,0,0,0,0,0,0,0,0,0,0,0,1,0,0]
obj1: 0.53
obj2: 0.41
obj3: 0.27
--------------
