solution: [0,1,0,1,1,0,0,1,0,0,1,1,0,1,0,0,1,0,1,1,0,1,0,1,0,0,1,0,0,1]
obj1: 0.71
obj2: 0.65
obj3: 0.22
--------------
solution: [0,1,1,0,0,1,1,1,1,0,1,0,0,0,0,1,1,0,0,0,1,1,1,0,1,1,0,1,0,1]
obj1: 0.7
obj2: 0.67
obj3: 0.28
--------------
solution: [1,1,0,0,0,0,0,0,0,1,0,0,1,0,0,0,1,0,0,0,1,1,0,1,0,1,0,1,0,0]
obj1: 0.75
obj2: 0.51
obj3: 0.47
--------------
solution: [1,1,0,1,1,0,0,1,0,0,0,1,1,1,1,1,0,0,0,0,1,1,0,1,1,0,0,1,0,0]
obj1: 0.72
obj2: 0.62
obj3: 0.23
--------------
solution: [1,1,0,1,0,0,0,1,0,0,1,1,1,1,0,0,0,0,1,1,0,1,1,1,0,0,1,1,0,1]
obj1: 0.72
obj2: 0.65
obj3: 0.2
--------------
solution: [1,1,0,1,1,0,1,1,0,0,0,1,1,0,0,1,1,1,0,0,1,1,0,1,0,1,1,1,0,1]
obj1: 0.73
obj2: 0.6
obj3: 0.28
--------------
solution: [1,1,0,1,1,0,0,0,0,0,1,1,0,0,1,0,0,1,0,0,0,1,0,1,0,0,0,0,0,0]
obj1: 0.79
obj2: 0.48
obj3: 0.28
--------------
solution: [1,1,0,1,1,0,1,1,0,0,0,1,1,0,1,1,1,0,0,0,1,1,0,1,0,1,1,1,0,1]
obj1: 0.73
obj2: 0.6
obj3: 0.28
--------------
solution: [1,0,0,1,1,0,0,0,0,0,1,0,0,1,0,0,1,0,1,1,0,1,0,1,0,0,0,0,0,0]
obj1: 0.78
obj2: 0.66
obj3: 0.17
--------------
solution: [1,0,1,1,0,0,0,0,0,0,1,0,1,0,0,0,0,0,0,0,1,1,0,1,0,1,0,1,0,0]
obj1: 0.76
obj2: 0.5
obj3: 0.43
--------------
solution: [1,1,0,1,1,0,0,1,0,0,0,1,1,0,0,0,1,0,0,0,1,1,0,1,1,0,0,1,0,0]
obj1: 0.74
obj2: 0.56
obj3: 0.23
--------------
solution: [1,1,0,1,0,0,0,0,0,1,0,1,1,1,0,0,0,0,1,1,0,1,1,1,0,0,1,1,0,1]
obj1: 0.72
obj2: 0.64
obj3: 0.21
--------------
solution: [0,1,0,1,1,0,0,1,0,0,1,1,0,1,0,1,1,1,1,1,0,0,0,0,0,0,1,0,0,1]
obj1: 0.7
obj2: 0.72
obj3: 0.27
--------------
solution: [1,1,0,1,0,0,0,1,0,0,1,1,1,0,1,0,0,1,0,0,0,1,0,1,0,0,1,1,0,1]
obj1: 0.76
obj2: 0.56
obj3: 0.2
--------------
solution: [0,1,1,1,0,0,0,1,0,0,1,0,0,0,0,1,0,0,0,1,1,1,0,0,0,1,0,1,0,1]
obj1: 0.65
obj2: 0.62
obj3: 0.29
--------------
