solution: [0,1,0,1,0,1,1,0,1,0,1,0,1,1,0,0,1,0,0,1,1,0,1,0,0,1,1,0,1,1]
obj1: 0.58
obj2: 0.63
obj3: 0.37
--------------
solution: [0,1,0,0,0,0,0,0,1,0,0,1,1,0,0,1,1,1,1,0,0,1,1,1,1,0,1,0,0,0]
obj1: 0.62
obj2: 0.55
obj3: 0.39
--------------
solution: [0,0,1,0,0,1,1,0,0,1,1,0,0,1,0,0,0,1,1,1,0,1,0,1,0,0,0,0,0,0]
obj1: 0.59
obj2: 0.5
obj3: 0.64
--------------
solution: [0,0,1,0,1,0,0,0,0,0,1,1,1,1,1,1,1,0,1,1,1,1,0,0,1,1,0,0,0,1]
obj1: 0.62
obj2: 0.52
obj3: 0.43
--------------
solution: [0,1,1,1,1,1,1,1,0,0,1,1,0,1,1,0,1,0,1,0,0,1,0,0,0,1,0,0,0,0]
obj1: 0.61
obj2: 0.52
obj3: 0.55
--------------
solution: [1,1,1,1,0,1,0,0,1,1,0,0,0,0,0,1,0,1,1,0,1,1,1,1,1,0,0,0,0,0]
obj1: 0.62
obj2: 0.51
obj3: 0.53
--------------
solution: [1,1,1,1,1,0,0,1,0,0,0,1,0,0,0,0,0,0,0,1,0,0,0,1,0,0,0,1,0,1]
obj1: 0.6
obj2: 0.51
obj3: 0.62
--------------
solution: [1,1,1,0,1,1,0,0,1,0,0,0,1,0,0,0,0,0,1,1,0,1,1,0,1,1,0,0,1,0]
obj1: 0.59
obj2: 0.56
obj3: 0.44
--------------
solution: [1,0,1,1,0,0,0,1,1,0,0,0,1,0,0,0,0,0,1,1,0,1,1,1,1,0,1,0,0,1]
obj1: 0.62
obj2: 0.57
obj3: 0.34
--------------
solution: [0,1,0,1,0,1,1,0,1,0,0,0,1,1,0,0,1,0,0,1,1,0,1,0,0,1,1,0,1,1]
obj1: 0.56
obj2: 0.64
obj3: 0.38
--------------
solution: [0,0,1,1,0,0,0,1,0,1,0,1,0,1,1,0,0,1,0,1,0,0,1,1,0,1,0,0,0,1]
obj1: 0.65
obj2: 0.55
obj3: 0.33
--------------
solution: [1,1,1,1,0,0,0,1,0,0,1,0,1,0,0,1,1,1,0,0,1,1,1,0,1,1,0,0,0,1]
obj1: 0.68
obj2: 0.51
obj3: 0.31
--------------
solution: [0,1,0,1,0,1,1,0,1,0,1,0,1,1,0,0,1,0,0,1,1,0,0,1,0,1,0,0,1,1]
obj1: 0.58
obj2: 0.61
obj3: 0.41
--------------
solution: [1,0,1,0,1,1,0,1,1,0,1,1,1,0,0,1,1,0,1,1,0,1,1,0,0,1,0,0,1,1]
obj1: 0.63
obj2: 0.47
obj3: 0.41
--------------
solution: [1,1,1,0,1,1,1,1,0,0,1,1,0,0,1,1,1,0,1,0,0,0,0,1,1,1,0,0,1,0]
obj1: 0.68
obj2: 0.5
obj3: 0.39
--------------
solution: [1,1,0,0,1,0,1,1,1,0,0,0,0,0,0,0,0,0,1,1,1,1,0,1,0,0,0,1,0,0]
obj1: 0.6
obj2: 0.53
obj3: 0.48
--------------
solution: [1,0,1,1,0,0,1,1,1,1,1,0,1,1,0,0,1,1,0,1,1,0,1,1,0,0,0,1,0,1]
obj1: 0.65
obj2: 0.52
obj3: 0.36
--------------
solution: [1,1,1,1,0,0,0,1,0,0,1,0,1,0,1,1,1,0,1,1,0,1,1,0,1,0,1,0,0,1]
obj1: 0.63
obj2: 0.59
obj3: 0.32
--------------
