solution: [0,1,0,1,1,1,0,1,0,0,0,0,0,0,1,1,0,0,0,0,1,0,1,0,0,0,1,0,1,0]
obj1: 0.46
obj2: 0.44
obj3: 0.29
--------------
solution: [0,1,0,1,0,1,0,1,0,0,0,0,0,0,1,1,0,0,1,0,1,0,0,0,0,0,1,0,1,0]
obj1: 0.48
obj2: 0.47
obj3: 0.28
--------------
solution: [0,1,0,0,0,1,1,1,0,1,1,0,0,0,0,0,0,0,1,0,1,0,0,0,1,0,1,0,1,1]
obj1: 0.63
obj2: 0.37
obj3: 0.38
--------------
solution: [1,0,0,1,1,1,1,1,0,0,1,0,0,1,1,0,0,0,0,0,1,1,0,0,1,0,1,0,1,1]
obj1: 0.57
obj2: 0.41
obj3: 0.41
--------------
solution: [0,1,1,1,0,1,0,0,0,0,1,0,0,0,1,0,0,0,0,0,1,0,0,0,1,0,1,0,1,1]
obj1: 0.62
obj2: 0.41
obj3: 0.38
--------------
solution: [0,0,0,1,1,1,0,1,0,0,0,0,0,0,1,1,0,0,0,0,1,0,1,0,1,0,0,1,1,0]
obj1: 0.43
obj2: 0.48
obj3: 0.32
--------------
solution: [0,1,1,1,0,1,0,1,0,0,0,0,0,0,1,0,0,0,0,0,1,0,0,0,0,0,1,0,1,1]
obj1: 0.54
obj2: 0.42
obj3: 0.39
--------------
solution: [0,1,0,1,0,1,1,0,0,1,1,0,0,0,0,0,0,0,1,0,1,0,0,0,1,0,1,0,1,1]
obj1: 0.63
obj2: 0.39
obj3: 0.3
--------------
