solution: [1,0,1,1,1,0,1,1,0,0,0,0,1,1,1,0,0,0,0,1,0,0,1,0,0,0,0,0,0,0]
obj1: 0.48
obj2: 0.71
obj3: 0.38
--------------
solution: [1,1,0,1,1,1,1,1,1,0,0,0,1,0,0,1,1,0,1,0,1,0,1,1,1,0,0,0,1,1]
obj1: 0.5
obj2: 0.64
obj3: 0.42
--------------
solution: [0,0,1,1,0,0,1,1,0,0,0,0,0,1,1,0,0,0,0,0,1,0,0,0,1,0,0,0,1,1]
obj1: 0.52
obj2: 0.58
obj3: 0.35
--------------
solution: [1,0,0,1,1,0,1,1,0,0,0,0,1,1,1,0,0,0,0,1,0,0,1,0,0,0,1,0,0,0]
obj1: 0.5
obj2: 0.66
obj3: 0.4
--------------
solution: [0,0,0,0,0,0,1,1,0,0,0,1,1,0,0,0,0,1,0,0,1,0,0,0,1,0,0,0,1,0]
obj1: 0.5
obj2: 0.54
obj3: 0.67
--------------
solution: [0,0,0,1,1,0,1,1,0,0,0,0,1,0,1,0,1,0,1,1,1,0,0,0,0,0,0,1,0,0]
obj1: 0.44
obj2: 0.69
obj3: 0.5
--------------
solution: [0,0,0,1,1,0,1,1,0,0,0,0,1,0,1,0,0,0,0,1,0,0,1,0,0,0,0,1,0,0]
obj1: 0.43
obj2: 0.7
obj3: 0.55
--------------
solution: [0,0,1,1,0,0,1,1,0,0,0,0,0,0,0,0,0,0,1,0,1,0,0,0,1,1,1,0,1,1]
obj1: 0.53
obj2: 0.55
obj3: 0.5
--------------
solution: [0,0,0,0,0,0,0,1,0,0,0,0,1,0,0,0,0,1,0,0,1,0,1,0,0,0,0,1,0,1]
obj1: 0.49
obj2: 0.55
obj3: 0.55
--------------
solution: [1,0,1,1,1,0,1,1,0,0,0,0,1,1,0,0,0,0,0,1,0,0,1,0,0,0,0,0,0,0]
obj1: 0.49
obj2: 0.69
obj3: 0.4
--------------
solution: [0,0,1,1,1,0,0,1,0,0,0,0,1,0,0,0,0,0,0,0,0,0,0,0,1,0,1,0,1,1]
obj1: 0.46
obj2: 0.58
obj3: 0.46
--------------
solution: [0,0,0,0,0,1,1,1,0,0,0,0,0,0,0,0,0,0,0,0,1,0,0,0,1,1,1,0,1,0]
obj1: 0.54
obj2: 0.46
obj3: 0.6
--------------
solution: [1,1,0,1,1,1,1,1,1,0,0,0,1,1,0,0,0,0,0,1,0,0,1,0,0,0,0,0,0,0]
obj1: 0.51
obj2: 0.68
obj3: 0.38
--------------
solution: [0,0,0,0,0,1,1,1,0,0,0,0,1,0,0,0,0,0,0,1,0,0,1,0,0,0,0,0,1,0]
obj1: 0.44
obj2: 0.56
obj3: 0.6
--------------
solution: [0,0,0,0,1,0,0,1,0,1,0,0,0,0,0,0,0,0,0,0,0,0,0,0,0,0,1,1,1,1]
obj1: 0.5
obj2: 0.57
obj3: 0.45
--------------
solution: [0,0,0,0,0,0,1,1,0,0,0,0,1,1,1,0,0,0,0,1,0,0,1,0,0,0,0,0,1,0]
obj1: 0.47
obj2: 0.63
obj3: 0.43
--------------
solution: [0,0,0,1,1,0,0,0,0,1,0,0,1,0,1,0,1,0,1,1,1,0,0,0,0,0,0,1,0,0]
obj1: 0.43
obj2: 0.76
obj3: 0.52
--------------
solution: [0,0,0,0,0,0,0,1,0,0,0,0,0,0,0,0,0,0,0,0,0,0,1,0,0,0,0,1,0,1]
obj1: 0.54
obj2: 0.5
obj3: 0.47
--------------
solution: [0,0,0,1,1,0,0,1,1,0,0,1,1,0,0,0,0,1,0,0,1,0,0,0,0,0,0,0,1,1]
obj1: 0.41
obj2: 0.64
obj3: 0.64
--------------
solution: [0,0,0,0,1,0,0,1,0,0,0,0,1,0,0,0,0,1,0,0,1,0,1,0,0,0,0,1,0,1]
obj1: 0.45
obj2: 0.6
obj3: 0.53
--------------
solution: [0,0,0,0,0,0,0,1,0,0,0,1,1,0,0,0,1,0,1,0,1,0,1,1,1,0,0,0,1,1]
obj1: 0.52
obj2: 0.56
obj3: 0.54
--------------
solution: [0,0,0,1,0,1,1,1,0,0,0,0,1,0,1,1,0,0,0,0,0,0,0,0,0,1,1,0,1,0]
obj1: 0.43
obj2: 0.6
obj3: 0.58
--------------
