solution: [1,0,0,1,1,1,0,1,0,0,0,0,1,1,1,0,0,1,1,1,1,1,0,0,1,1,0,1,0,1]
obj1: 0.48
obj2: 0.35
obj3: 0.34
--------------
solution: [1,0,0,1,1,1,1,1,0,1,0,0,1,0,1,0,0,1,1,0,0,0,0,0,0,1,1,1,1,1]
obj1: 0.47
obj2: 0.38
obj3: 0.28
--------------
solution: [0,0,0,1,1,1,1,1,0,0,0,0,1,1,1,0,0,1,1,1,1,1,0,0,0,0,0,0,0,1]
obj1: 0.47
obj2: 0.3
obj3: 0.35
--------------
solution: [1,0,0,1,1,0,1,0,0,0,0,0,1,0,1,0,0,0,0,0,0,0,0,0,0,1,0,0,1,0]
obj1: 0.33
obj2: 0.45
obj3: 0.44
--------------
solution: [1,1,1,1,1,0,0,0,0,1,0,0,1,1,1,0,0,1,1,1,0,0,1,0,0,0,0,0,0,1]
obj1: 0.51
obj2: 0.33
obj3: 0.27
--------------
solution: [1,0,0,1,1,1,1,1,0,0,0,0,1,0,1,0,0,1,1,0,1,0,0,0,0,1,1,1,1,0]
obj1: 0.44
obj2: 0.4
obj3: 0.26
--------------
solution: [0,0,0,1,1,1,1,1,0,0,0,0,1,0,1,0,0,0,0,0,0,0,0,0,0,0,0,0,0,1]
obj1: 0.39
obj2: 0.22
obj3: 0.37
--------------
solution: [0,0,0,1,1,1,0,1,0,0,0,0,1,1,1,0,0,1,1,1,1,1,0,0,0,0,0,1,1,1]
obj1: 0.44
obj2: 0.32
obj3: 0.35
--------------
solution: [0,0,0,1,1,0,0,0,0,0,0,0,1,0,1,0,0,0,1,1,0,0,0,0,0,0,0,0,0,1]
obj1: 0.35
obj2: 0.23
obj3: 0.48
--------------
solution: [0,0,0,1,1,1,1,1,0,0,0,0,1,0,1,0,0,0,0,1,0,0,0,0,0,0,0,0,0,1]
obj1: 0.4
obj2: 0.19
obj3: 0.46
--------------
solution: [1,0,0,1,1,1,1,1,0,1,0,0,1,0,1,0,0,0,0,0,1,0,0,0,0,1,1,1,1,1]
obj1: 0.43
obj2: 0.37
obj3: 0.3
--------------
solution: [0,0,1,1,1,0,0,0,0,1,0,0,1,0,1,0,0,1,0,1,0,0,0,0,0,0,0,0,0,1]
obj1: 0.45
obj2: 0.17
obj3: 0.51
--------------
solution: [1,0,0,1,1,0,1,0,0,0,0,0,1,0,1,1,0,0,0,1,0,0,0,0,0,1,0,0,1,0]
obj1: 0.33
obj2: 0.43
obj3: 0.57
--------------
