solution: [0,1,1,1,0,1,1,0,1,0,1,0,1,1,1,1,0,0,0,1,0,1,0,1,0,1,1,0,0,0]
obj1: 0.6
obj2: 0.36
obj3: 0.39
--------------
solution: [0,0,0,0,0,1,1,0,0,1,0,0,0,1,0,0,0,0,0,0,0,0,0,0,0,1,1,0,0,0]
obj1: 0.69
obj2: 0.18
obj3: 0.79
--------------
solution: [0,1,0,1,1,0,0,0,1,0,0,0,1,0,0,1,0,1,0,1,0,0,0,0,0,1,0,1,0,1]
obj1: 0.47
obj2: 0.44
obj3: 0.5
--------------
solution: [0,0,0,0,0,1,1,0,0,1,0,0,0,1,0,0,0,1,1,0,0,0,0,1,0,1,1,0,0,0]
obj1: 0.71
obj2: 0.23
obj3: 0.64
--------------
solution: [1,0,0,0,0,0,1,1,0,0,1,0,0,1,0,0,0,0,0,0,0,0,0,0,1,1,0,0,0,0]
obj1: 0.65
obj2: 0.22
obj3: 0.73
--------------
solution: [1,0,0,0,1,0,0,1,0,1,1,0,1,0,1,0,0,1,0,1,0,1,1,0,1,1,1,1,0,1]
obj1: 0.56
obj2: 0.33
obj3: 0.45
--------------
solution: [0,1,0,1,0,1,1,0,1,1,1,0,1,0,0,1,0,1,1,1,0,0,0,0,0,0,1,0,0,1]
obj1: 0.59
obj2: 0.36
obj3: 0.43
--------------
solution: [0,1,1,1,0,0,1,1,0,0,1,0,0,1,0,0,0,1,0,1,0,0,0,0,0,0,1,1,0,1]
obj1: 0.68
obj2: 0.3
obj3: 0.48
--------------
solution: [1,0,1,0,1,0,1,1,1,0,0,0,1,1,0,0,0,0,0,0,0,0,0,0,1,1,0,0,0,0]
obj1: 0.51
obj2: 0.3
obj3: 0.71
--------------
solution: [1,0,0,0,1,0,0,0,1,1,0,0,1,1,1,1,0,0,0,1,0,0,0,1,1,1,0,0,1,0]
obj1: 0.48
obj2: 0.42
obj3: 0.54
--------------
solution: [1,0,0,0,0,1,1,0,0,1,0,0,1,1,1,0,0,0,0,0,0,0,0,0,1,1,0,0,0,0]
obj1: 0.55
obj2: 0.25
obj3: 0.76
--------------
solution: [0,0,0,0,0,1,1,1,0,1,0,0,0,1,0,1,0,1,1,0,0,0,0,1,0,1,1,0,0,0]
obj1: 0.63
obj2: 0.29
obj3: 0.57
--------------
solution: [0,1,1,0,1,1,0,1,1,1,1,0,1,1,1,0,1,0,0,0,0,0,1,0,0,1,0,0,1,1]
obj1: 0.53
obj2: 0.31
obj3: 0.69
--------------
solution: [1,0,0,1,0,1,1,1,0,1,1,0,1,1,1,0,0,0,1,0,1,0,0,0,0,0,1,0,0,1]
obj1: 0.54
obj2: 0.27
obj3: 0.62
--------------
solution: [0,1,1,0,0,1,1,0,1,1,1,0,1,0,0,1,0,1,0,1,0,0,0,0,0,1,0,0,1,1]
obj1: 0.56
obj2: 0.4
obj3: 0.42
--------------
solution: [1,1,0,1,1,0,0,0,1,0,0,0,1,1,1,1,0,0,0,1,0,0,0,1,0,1,0,1,0,1]
obj1: 0.49
obj2: 0.41
obj3: 0.53
--------------
solution: [1,0,0,0,0,1,1,0,0,1,0,0,0,1,0,0,0,0,0,0,0,0,0,0,1,1,0,0,0,0]
obj1: 0.64
obj2: 0.23
obj3: 0.77
--------------
solution: [1,1,0,0,1,0,1,1,1,0,0,0,1,1,1,1,0,1,0,0,1,1,1,0,0,1,0,0,0,0]
obj1: 0.49
obj2: 0.38
obj3: 0.66
--------------
solution: [0,0,0,1,0,1,1,0,0,1,0,1,0,1,0,1,0,1,1,0,0,0,0,1,1,1,1,0,0,0]
obj1: 0.65
obj2: 0.28
obj3: 0.56
--------------
solution: [0,1,0,1,0,1,1,0,0,1,1,0,1,0,0,1,1,1,0,1,0,0,0,0,0,0,1,0,0,1]
obj1: 0.62
obj2: 0.32
obj3: 0.57
--------------
