solution: [0,1,0,1,1,0,1,1,0,1,1,0,1,0,1,1,0,0,0,0,1,1,0,1,0,0,0,0,1,1]
obj1: 0.49
obj2: 0.45
obj3: 0.49
--------------
solution: [1,0,0,0,1,0,0,1,0,0,0,0,1,0,1,0,1,0,1,0,1,0,1,0,1,1,1,1,0,0]
obj1: 0.49
obj2: 0.41
obj3: 0.51
--------------
solution: [1,1,0,1,1,0,0,1,0,1,0,0,0,0,1,1,0,0,0,0,0,0,0,0,0,0,0,1,0,0]
obj1: 0.43
obj2: 0.47
obj3: 0.56
--------------
solution: [1,0,1,1,1,1,0,0,0,1,1,0,1,1,1,0,0,0,1,1,1,0,1,0,0,1,0,0,1,1]
obj1: 0.49
obj2: 0.52
obj3: 0.44
--------------
solution: [1,0,0,1,1,0,0,1,1,0,0,0,1,0,1,1,0,0,1,0,1,1,0,0,1,1,0,1,1,1]
obj1: 0.41
obj2: 0.53
obj3: 0.55
--------------
solution: [1,1,0,1,1,1,1,1,0,1,0,0,1,0,0,0,0,0,0,0,1,1,0,0,0,0,0,1,0,0]
obj1: 0.47
obj2: 0.47
obj3: 0.5
--------------
solution: [1,1,0,1,1,0,1,1,0,1,1,0,1,0,1,1,0,0,0,0,1,1,1,0,0,0,0,1,0,0]
obj1: 0.48
obj2: 0.46
obj3: 0.54
--------------
solution: [1,0,0,0,1,0,0,1,1,0,0,0,0,0,1,0,1,0,1,0,1,0,1,0,0,0,0,1,1,0]
obj1: 0.43
obj2: 0.52
obj3: 0.49
--------------
solution: [1,0,0,1,1,0,1,1,0,1,0,0,0,0,1,0,0,0,0,0,0,0,0,0,1,0,1,1,1,1]
obj1: 0.51
obj2: 0.39
obj3: 0.35
--------------
solution: [1,1,0,1,1,0,1,1,0,1,0,0,1,0,1,1,0,0,0,0,1,1,0,0,0,0,0,0,0,0]
obj1: 0.42
obj2: 0.46
obj3: 0.58
--------------
solution: [1,1,1,1,1,0,0,1,0,1,1,0,1,1,1,1,0,0,1,0,0,1,0,0,0,0,0,1,1,0]
obj1: 0.49
obj2: 0.54
obj3: 0.43
--------------
