solution: [1,0,1,1,0,1,0,1,0,1,0,1,0,1,0,1,0,1,0,0,1,1,1,1,0,0,1,1,0,1]
obj1: 0.66
obj2: 0.72
obj3: 0.25
--------------
solution: [1,0,1,0,1,0,0,1,1,1,0,1,0,0,0,0,1,0,0,1,1,1,0,0,0,0,0,0,0,0]
obj1: 0.64
obj2: 0.69
obj3: 0.35
--------------
solution: [1,0,0,1,1,0,0,1,0,1,1,1,1,0,1,0,1,0,0,1,0,1,0,1,0,0,1,1,0,1]
obj1: 0.71
obj2: 0.72
obj3: 0.18
--------------
solution: [1,0,1,0,1,0,0,1,1,1,0,1,1,0,1,0,1,0,0,1,0,1,0,1,0,0,0,0,0,0]
obj1: 0.69
obj2: 0.71
obj3: 0.2
--------------
solution: [1,1,1,1,1,1,0,0,0,1,1,1,0,1,0,1,0,1,0,0,0,0,0,0,1,0,0,1,0,1]
obj1: 0.68
obj2: 0.71
obj3: 0.24
--------------
solution: [1,0,1,1,0,1,0,1,1,1,0,1,0,1,0,1,0,0,1,0,1,1,0,1,0,0,1,0,0,1]
obj1: 0.64
obj2: 0.74
obj3: 0.27
--------------
solution: [1,0,1,0,0,1,0,1,1,1,0,1,1,1,0,0,1,1,1,0,1,1,0,0,0,0,0,0,0,0]
obj1: 0.67
obj2: 0.68
obj3: 0.3
--------------
solution: [1,0,0,0,1,0,0,1,0,1,1,1,1,0,1,0,1,0,0,1,0,1,0,1,0,0,0,0,0,1]
obj1: 0.71
obj2: 0.69
obj3: 0.21
--------------
solution: [0,1,1,1,0,0,0,1,1,1,0,1,0,0,0,0,1,0,0,1,0,0,0,0,0,0,0,0,0,0]
obj1: 0.61
obj2: 0.77
obj3: 0.42
--------------
solution: [1,0,0,1,1,1,0,1,1,1,0,1,1,1,0,0,1,0,0,1,0,1,0,0,0,0,1,1,0,1]
obj1: 0.64
obj2: 0.75
obj3: 0.26
--------------
solution: [1,0,1,0,0,1,0,1,0,1,0,1,0,0,0,1,0,0,1,0,1,1,0,1,0,0,1,0,0,1]
obj1: 0.65
obj2: 0.71
obj3: 0.27
--------------
solution: [1,0,1,0,0,1,0,1,0,1,0,1,0,0,0,1,0,1,0,0,1,1,0,1,0,0,1,1,0,1]
obj1: 0.66
obj2: 0.69
obj3: 0.26
--------------
solution: [0,1,1,1,0,1,1,1,0,1,0,1,0,1,0,1,0,0,0,0,0,1,1,0,0,0,1,0,1,0]
obj1: 0.64
obj2: 0.8
obj3: 0.24
--------------
solution: [1,0,1,0,0,1,0,1,0,1,0,1,0,0,0,0,0,0,1,0,1,1,1,1,0,0,0,0,0,1]
obj1: 0.68
obj2: 0.66
obj3: 0.29
--------------
solution: [1,0,1,0,1,0,1,1,1,1,0,1,0,0,0,1,0,0,1,0,1,1,0,1,1,1,1,1,0,1]
obj1: 0.69
obj2: 0.73
obj3: 0.19
--------------
solution: [0,1,1,1,0,0,0,0,1,0,0,1,0,0,0,0,1,0,0,1,0,0,0,0,0,0,0,0,0,0]
obj1: 0.57
obj2: 0.78
obj3: 0.55
--------------
solution: [1,0,1,0,1,1,0,1,1,1,0,1,0,0,0,1,1,0,0,1,1,1,0,0,0,0,0,0,0,0]
obj1: 0.62
obj2: 0.73
obj3: 0.3
--------------
solution: [1,0,1,1,0,1,0,1,0,1,0,1,0,1,0,1,0,1,0,0,1,1,0,0,0,0,0,0,0,0]
obj1: 0.63
obj2: 0.7
obj3: 0.28
--------------
solution: [0,1,1,1,0,0,0,1,1,1,0,1,0,0,0,0,1,0,0,1,1,0,0,0,0,0,0,0,0,0]
obj1: 0.61
obj2: 0.76
obj3: 0.43
--------------
solution: [0,1,1,0,1,0,0,0,0,0,0,1,1,0,1,0,1,1,1,0,1,1,0,1,0,0,0,0,0,1]
obj1: 0.7
obj2: 0.65
obj3: 0.32
--------------
solution: [0,0,1,1,0,0,0,0,1,0,0,1,0,0,0,1,0,0,0,1,0,0,0,0,0,0,1,1,0,0]
obj1: 0.58
obj2: 0.81
obj3: 0.46
--------------
solution: [1,0,1,0,1,0,0,0,0,0,0,1,1,0,1,0,1,1,1,0,1,0,0,0,0,0,0,0,0,0]
obj1: 0.74
obj2: 0.61
obj3: 0.25
--------------
solution: [1,0,1,0,1,0,0,1,0,1,1,1,1,0,1,0,1,1,0,1,1,1,0,0,0,0,0,0,0,0]
obj1: 0.7
obj2: 0.66
obj3: 0.22
--------------
solution: [1,0,0,1,1,1,0,1,1,1,0,1,1,1,0,0,1,0,1,1,0,1,0,0,0,0,0,0,0,1]
obj1: 0.65
obj2: 0.73
obj3: 0.25
--------------
solution: [0,1,1,0,0,0,0,0,0,0,0,1,1,0,1,0,1,1,1,0,1,1,0,1,0,0,0,0,0,1]
obj1: 0.69
obj2: 0.65
obj3: 0.34
--------------
solution: [1,0,1,0,0,0,0,1,1,1,0,1,1,1,1,0,1,0,0,1,1,1,0,1,0,0,0,0,0,0]
obj1: 0.66
obj2: 0.73
obj3: 0.2
--------------
