solution: [1,0,0,1,1,1,0,1,0,0,0,0,1,1,1,0,0,1,1,1,1,1,0,0,1,1,0,1,0,1]
obj1: 0.48
obj2: 0.35
obj3: 0.34
--------------
solution: [1,0,0,1,0,1,1,1,1,0,0,0,1,0,1,1,0,0,0,1,0,0,0,0,1,0,0,0,1,1]
obj1: 0.43
obj2: 0.35
obj3: 0.6
--------------
solution: [1,0,0,1,1,0,1,0,0,0,0,0,1,1,1,0,0,0,1,0,1,1,0,0,0,1,0,0,1,0]
obj1: 0.4
obj2: 0.48
obj3: 0.44
--------------
solution: [0,1,1,1,1,1,0,1,0,0,0,0,1,0,1,0,1,1,1,1,1,0,0,1,1,1,1,0,0,1]
obj1: 0.54
obj2: 0.31
obj3: 0.44
--------------
solution: [1,1,0,1,1,0,0,1,0,1,0,0,1,1,1,0,0,0,1,0,1,1,0,0,0,0,0,1,1,0]
obj1: 0.42
obj2: 0.39
obj3: 0.45
--------------
solution: [1,0,0,1,0,1,1,0,1,0,0,0,1,0,1,1,0,0,1,1,0,0,0,0,0,0,0,0,1,1]
obj1: 0.41
obj2: 0.39
obj3: 0.57
--------------
solution: [0,0,0,1,1,1,0,1,0,1,1,1,0,1,0,0,0,1,1,1,0,0,0,0,1,0,1,0,0,1]
obj1: 0.61
obj2: 0.27
obj3: 0.48
--------------
solution: [0,0,1,1,1,0,0,0,0,0,0,0,1,0,1,0,0,1,1,1,0,0,0,0,0,0,0,0,0,1]
obj1: 0.44
obj2: 0.21
obj3: 0.5
--------------
solution: [1,0,0,1,1,0,0,0,0,1,0,0,1,0,1,0,0,1,1,0,0,0,0,0,0,1,1,1,1,0]
obj1: 0.44
obj2: 0.44
obj3: 0.37
--------------
solution: [1,0,0,1,1,0,1,0,0,1,0,1,0,1,1,0,0,1,0,1,1,0,0,0,0,1,0,1,0,1]
obj1: 0.53
obj2: 0.33
obj3: 0.42
--------------
solution: [1,0,0,1,1,1,1,1,0,1,0,0,1,0,1,0,0,1,1,0,0,0,0,0,0,1,1,1,1,1]
obj1: 0.47
obj2: 0.38
obj3: 0.28
--------------
solution: [1,1,1,1,1,1,1,0,0,0,0,0,1,0,1,1,1,0,0,1,0,0,0,1,1,0,0,1,1,1]
obj1: 0.51
obj2: 0.34
obj3: 0.48
--------------
