solution: [0,0,0,1,0,0,0,1,0,0,0,0,0,0,0,0,1,0,0,0,0,0,0,0,1,1,0,1,0,1]
obj1: 0.55
obj2: 0.39
obj3: 0.66
--------------
solution: [0,0,0,1,0,0,0,1,0,0,0,0,0,0,0,0,1,1,0,0,0,0,1,0,1,1,0,0,1,1]
obj1: 0.54
obj2: 0.45
obj3: 0.58
--------------
solution: [0,0,1,1,1,0,1,1,1,0,0,0,1,1,0,1,0,0,1,1,1,0,0,0,1,1,0,1,1,0]
obj1: 0.47
obj2: 0.57
obj3: 0.4
--------------
solution: [0,0,0,1,0,0,0,1,0,0,0,0,0,0,0,0,1,0,0,0,0,0,0,0,1,1,0,1,1,1]
obj1: 0.5
obj2: 0.42
obj3: 0.65
--------------
solution: [0,0,0,0,0,0,0,1,0,0,1,0,0,0,1,0,0,0,1,0,0,0,0,0,0,0,1,0,1,1]
obj1: 0.56
obj2: 0.39
obj3: 0.41
--------------
solution: [0,0,0,1,0,0,0,1,0,0,1,0,0,0,1,1,0,0,1,0,0,0,0,0,1,0,0,0,1,1]
obj1: 0.48
obj2: 0.47
obj3: 0.38
--------------
solution: [0,0,1,1,1,0,1,1,0,0,0,0,0,0,0,0,1,0,0,0,0,0,0,0,1,1,0,1,0,0]
obj1: 0.55
obj2: 0.43
obj3: 0.58
--------------
solution: [0,0,0,0,0,0,0,1,0,0,1,0,0,0,0,0,0,0,1,0,1,0,0,0,1,0,1,0,1,1]
obj1: 0.58
obj2: 0.35
obj3: 0.39
--------------
solution: [1,0,0,1,0,0,0,1,0,1,0,0,0,0,0,0,1,0,1,0,0,0,1,0,1,1,0,1,0,1]
obj1: 0.54
obj2: 0.45
obj3: 0.58
--------------
solution: [0,0,1,1,1,0,1,1,1,0,0,0,1,0,0,1,0,0,1,0,0,0,0,0,1,1,0,1,1,0]
obj1: 0.45
obj2: 0.56
obj3: 0.59
--------------
solution: [0,0,0,1,0,0,0,1,0,0,0,0,0,0,0,0,1,0,0,0,0,0,1,0,1,1,0,1,0,0]
obj1: 0.55
obj2: 0.42
obj3: 0.63
--------------
solution: [0,0,0,1,0,0,0,1,0,0,0,0,0,1,1,0,1,0,0,0,1,0,1,0,1,1,0,1,1,1]
obj1: 0.52
obj2: 0.45
obj3: 0.64
--------------
solution: [0,0,0,1,1,0,1,0,1,0,0,0,1,0,1,0,0,0,0,0,0,0,0,0,1,1,0,1,1,1]
obj1: 0.46
obj2: 0.5
obj3: 0.42
--------------
