solution: [1,0,0,1,1,0,1,1,0,1,0,0,0,0,1,0,0,0,0,0,0,0,0,0,1,0,1,1,1,1]
obj1: 0.51
obj2: 0.39
obj3: 0.35
--------------
solution: [1,1,0,1,1,0,0,1,0,1,0,0,0,0,1,0,0,0,0,0,0,0,0,0,0,0,0,1,0,0]
obj1: 0.45
obj2: 0.42
obj3: 0.28
--------------
solution: [1,0,0,1,1,0,1,1,0,1,0,0,0,0,1,0,0,0,0,0,0,0,0,0,0,0,1,1,1,1]
obj1: 0.48
obj2: 0.4
obj3: 0.33
--------------
solution: [1,0,0,0,1,0,1,1,0,1,0,0,1,0,1,0,0,0,0,0,0,0,0,0,1,0,1,1,1,1]
obj1: 0.5
obj2: 0.38
obj3: 0.43
--------------
solution: [1,0,0,1,0,0,1,1,0,1,0,0,1,0,1,0,0,0,0,0,0,0,0,0,1,0,1,1,1,1]
obj1: 0.51
obj2: 0.39
obj3: 0.35
--------------
solution: [0,0,0,1,1,0,1,1,1,0,0,0,1,0,1,0,0,0,1,0,1,0,1,0,1,1,1,0,0,0]
obj1: 0.47
obj2: 0.39
obj3: 0.44
--------------
solution: [1,0,0,1,1,0,0,1,0,0,0,0,1,0,1,0,0,0,0,0,0,0,0,0,0,1,0,0,1,1]
obj1: 0.32
obj2: 0.43
obj3: 0.33
--------------
solution: [0,0,1,0,1,0,0,1,0,1,1,0,1,0,1,0,0,0,0,0,0,0,1,0,0,0,0,0,1,1]
obj1: 0.46
obj2: 0.41
obj3: 0.52
--------------
solution: [0,1,0,1,0,0,1,1,0,1,0,0,1,0,0,0,0,0,0,0,0,0,1,0,1,0,0,0,0,0]
obj1: 0.53
obj2: 0.34
obj3: 0.33
--------------
