solution: [0,1,1,1,0,0,1,1,0,0,1,0,1,0,0,0,0,0,0,0,0,1,0,0,1,0,1,0,1,1]
obj1: 0.61
obj2: 0.59
obj3: 0.32
--------------
solution: [1,0,0,0,0,0,1,1,0,1,0,0,1,0,1,0,0,0,0,0,1,0,1,1,0,1,1,0,1,1]
obj1: 0.52
obj2: 0.56
obj3: 0.39
--------------
solution: [1,0,0,0,0,0,1,1,0,1,0,0,0,1,1,0,0,0,0,0,1,1,1,0,1,1,0,1,0,1]
obj1: 0.58
obj2: 0.58
obj3: 0.36
--------------
solution: [0,0,0,1,1,0,0,1,0,0,1,0,1,0,0,0,0,0,0,0,0,0,0,1,1,1,0,0,1,0]
obj1: 0.48
obj2: 0.63
obj3: 0.49
--------------
solution: [0,0,0,1,1,0,0,1,0,0,0,0,1,0,0,0,0,0,0,0,0,0,0,1,1,1,0,0,1,0]
obj1: 0.41
obj2: 0.63
obj3: 0.56
--------------
solution: [0,1,0,1,0,0,0,1,0,0,1,0,1,0,0,0,0,0,0,0,1,0,0,1,1,1,0,0,1,0]
obj1: 0.53
obj2: 0.61
obj3: 0.38
--------------
solution: [1,0,0,1,1,0,0,1,0,1,0,0,1,0,1,0,0,0,0,0,0,0,0,1,1,1,0,0,1,0]
obj1: 0.43
obj2: 0.66
obj3: 0.43
--------------
solution: [1,0,0,0,0,0,1,1,1,0,0,0,1,1,0,0,0,0,0,0,1,1,1,0,0,1,0,0,0,0]
obj1: 0.51
obj2: 0.61
obj3: 0.45
--------------
solution: [1,1,1,0,1,1,1,1,0,0,0,0,1,0,0,0,0,0,0,0,0,0,1,0,0,1,1,0,0,0]
obj1: 0.55
obj2: 0.6
obj3: 0.33
--------------
solution: [0,0,0,1,1,0,0,1,0,0,1,0,1,0,0,0,0,0,0,0,1,1,0,0,1,0,0,1,1,0]
obj1: 0.45
obj2: 0.64
obj3: 0.39
--------------
solution: [1,0,0,1,1,0,0,1,0,0,1,0,1,0,0,0,0,0,0,0,0,0,1,0,1,0,1,1,1,0]
obj1: 0.5
obj2: 0.62
obj3: 0.31
--------------
solution: [0,0,0,1,1,1,0,1,0,0,0,0,1,0,1,1,0,0,1,0,0,1,1,0,1,1,0,1,1,0]
obj1: 0.42
obj2: 0.68
obj3: 0.53
--------------
