solution: [0,1,0,1,1,1,0,1,0,0,0,0,0,0,1,1,0,0,0,0,1,0,1,0,0,0,1,0,1,0]
obj1: 0.46
obj2: 0.44
obj3: 0.29
--------------
solution: [0,1,0,1,0,1,0,1,0,1,0,0,0,0,1,1,0,0,0,0,1,0,0,0,0,0,1,0,1,0]
obj1: 0.49
obj2: 0.41
obj3: 0.28
--------------
solution: [0,1,0,1,1,1,0,0,0,0,0,0,0,0,1,1,0,0,0,0,1,0,0,0,0,0,1,0,1,0]
obj1: 0.46
obj2: 0.45
obj3: 0.27
--------------
solution: [1,0,0,1,1,1,0,1,0,0,0,0,0,0,1,0,0,0,0,0,1,0,0,0,1,0,1,0,1,1]
obj1: 0.48
obj2: 0.39
obj3: 0.32
--------------
solution: [0,0,0,1,1,1,0,1,0,0,0,0,0,0,1,1,0,0,0,0,1,0,0,0,0,0,1,0,1,1]
obj1: 0.42
obj2: 0.42
obj3: 0.32
--------------
solution: [0,0,0,1,0,1,0,1,0,0,0,0,0,0,1,1,0,0,0,0,1,0,0,0,0,0,1,0,1,0]
obj1: 0.43
obj2: 0.44
obj3: 0.3
--------------
solution: [0,1,0,1,1,1,0,0,0,0,0,0,0,0,1,1,0,0,0,0,0,0,0,0,0,0,1,0,0,0]
obj1: 0.52
obj2: 0.41
obj3: 0.25
--------------
solution: [0,1,0,0,0,1,0,1,0,0,0,0,0,0,1,0,0,0,0,0,0,0,0,0,0,0,1,0,1,1]
obj1: 0.57
obj2: 0.35
obj3: 0.39
--------------
solution: [0,1,0,1,1,1,0,0,0,0,0,0,0,0,1,0,0,0,0,0,1,0,0,0,0,1,1,0,0,0]
obj1: 0.53
obj2: 0.38
obj3: 0.25
--------------
solution: [0,1,0,1,1,1,0,0,0,0,1,0,0,0,1,0,0,0,0,0,1,0,0,0,0,0,1,0,0,0]
obj1: 0.59
obj2: 0.34
obj3: 0.27
--------------
solution: [0,0,0,1,1,1,0,1,0,0,0,0,0,0,1,1,0,0,0,0,1,0,0,0,1,0,1,0,1,1]
obj1: 0.46
obj2: 0.4
obj3: 0.33
--------------
