solution: [1,0,1,1,0,0,1,0,1,0,0,0,0,1,1,0,0,0,1,1,1,0,1,0,1,0,0,1,1,0]
obj1: 0.55
obj2: 0.6
obj3: 0.41
--------------
solution: [0,1,1,1,1,0,1,1,0,1,1,1,0,1,1,1,1,0,0,1,0,0,1,0,1,1,1,1,1,0]
obj1: 0.59
obj2: 0.49
obj3: 0.44
--------------
solution: [0,0,0,1,0,0,0,1,0,0,0,0,0,0,0,0,1,0,0,0,1,1,1,0,1,1,0,1,0,0]
obj1: 0.53
obj2: 0.46
obj3: 0.64
--------------
solution: [0,1,1,1,1,1,0,0,1,1,0,0,0,0,1,1,1,1,1,0,1,0,1,0,0,1,1,1,0,1]
obj1: 0.57
obj2: 0.53
obj3: 0.43
--------------
solution: [1,0,1,1,1,0,1,0,1,0,0,0,1,0,1,0,0,0,1,0,0,1,1,0,1,0,1,0,0,1]
obj1: 0.54
obj2: 0.52
obj3: 0.63
--------------
solution: [0,1,0,1,1,0,1,0,1,0,0,1,1,0,1,0,0,1,1,1,0,0,0,0,1,0,0,0,1,1]
obj1: 0.53
obj2: 0.58
obj3: 0.6
--------------
