solution: [0,0,1,1,0,0,0,1,1,1,0,0,1,1,1,1,0,0,1,1,1,1,0,0,1,1,0,0,0,0]
obj1: 0.47
obj2: 0.54
obj3: 0.55
--------------
solution: [0,0,1,1,1,0,0,1,1,1,0,0,1,1,1,1,0,0,1,0,1,1,0,0,1,1,0,0,0,0]
obj1: 0.45
obj2: 0.49
obj3: 0.6
--------------
solution: [0,1,0,1,1,0,0,0,0,1,0,1,0,0,1,0,0,1,0,0,0,0,0,0,1,1,1,1,1,1]
obj1: 0.57
obj2: 0.37
obj3: 0.74
--------------
solution: [0,0,0,1,1,0,0,1,0,0,0,1,0,0,0,0,0,0,1,0,0,0,1,0,1,0,1,0,0,1]
obj1: 0.54
obj2: 0.39
obj3: 0.77
--------------
solution: [0,1,1,1,1,0,0,1,1,1,0,0,1,1,1,0,0,1,0,0,0,0,0,0,1,1,1,1,1,1]
obj1: 0.54
obj2: 0.42
obj3: 0.56
--------------
solution: [1,0,1,1,1,1,0,0,1,1,1,0,0,1,1,0,0,1,0,1,0,0,0,0,0,1,0,0,0,0]
obj1: 0.57
obj2: 0.5
obj3: 0.48
--------------
solution: [0,0,0,1,1,0,0,0,0,1,0,1,0,0,1,1,0,0,1,0,1,1,0,0,1,1,0,0,0,0]
obj1: 0.45
obj2: 0.46
obj3: 0.75
--------------
solution: [0,0,1,1,0,1,0,1,0,0,0,0,0,1,1,0,0,1,0,1,0,0,0,0,1,1,0,0,0,0]
obj1: 0.57
obj2: 0.52
obj3: 0.47
--------------
solution: [1,1,0,1,0,1,1,1,0,1,1,0,0,0,1,0,0,1,0,0,0,0,0,0,1,1,0,0,0,0]
obj1: 0.61
obj2: 0.34
obj3: 0.43
--------------
