solution: [1,0,0,0,0,0,1,1,0,1,0,0,1,0,1,0,0,0,0,0,1,0,1,1,0,1,1,0,1,1]
obj1: 0.52
obj2: 0.56
obj3: 0.39
--------------
solution: [0,0,0,1,1,0,0,1,0,0,0,0,1,0,0,0,0,0,0,0,0,0,0,1,1,1,0,0,1,0]
obj1: 0.41
obj2: 0.63
obj3: 0.56
--------------
solution: [1,0,0,1,1,0,0,1,0,1,0,0,1,0,1,0,0,0,0,0,0,0,0,1,1,1,0,0,1,0]
obj1: 0.43
obj2: 0.66
obj3: 0.43
--------------
solution: [0,0,0,1,1,0,0,1,0,0,1,0,1,0,0,0,0,0,0,0,1,1,0,0,1,0,0,1,1,0]
obj1: 0.45
obj2: 0.64
obj3: 0.39
--------------
solution: [0,1,1,1,0,0,1,1,0,1,0,0,0,0,0,0,0,0,0,0,0,0,0,0,1,0,1,0,1,1]
obj1: 0.62
obj2: 0.54
obj3: 0.24
--------------
solution: [0,0,0,1,1,1,0,1,0,0,0,0,1,0,0,0,0,0,0,0,1,0,0,1,1,1,0,0,1,0]
obj1: 0.42
obj2: 0.59
obj3: 0.44
--------------
solution: [0,1,1,1,0,0,1,1,0,1,0,0,1,0,0,0,0,0,0,0,0,0,0,0,1,0,1,0,1,1]
obj1: 0.57
obj2: 0.55
obj3: 0.24
--------------
solution: [1,0,0,0,0,0,1,1,0,1,0,0,1,1,1,0,0,0,0,0,1,0,1,1,0,1,1,0,1,1]
obj1: 0.54
obj2: 0.56
obj3: 0.34
--------------
solution: [1,0,0,1,1,0,0,1,0,0,1,0,1,0,0,0,1,0,0,0,1,1,1,0,0,0,0,0,1,0]
obj1: 0.44
obj2: 0.66
obj3: 0.42
--------------
solution: [0,0,0,1,0,0,1,1,0,1,0,0,1,0,0,0,0,0,0,0,1,1,0,0,1,0,0,1,1,0]
obj1: 0.47
obj2: 0.57
obj3: 0.38
--------------
solution: [1,0,0,1,0,0,0,1,0,0,0,0,1,0,0,0,0,0,0,0,0,0,0,0,1,0,1,1,1,0]
obj1: 0.47
obj2: 0.58
obj3: 0.25
--------------
