solution: [1,0,0,1,1,1,1,1,0,1,1,0,1,0,1,0,1,0,1,1,0,1,0,0,0,1,0,1,1,0]
obj1: 0.46
obj2: 0.36
obj3: 0.53
--------------
solution: [1,0,0,1,1,1,0,0,0,1,0,0,1,0,1,0,0,0,1,1,1,1,0,0,0,1,0,0,1,1]
obj1: 0.38
obj2: 0.36
obj3: 0.73
--------------
solution: [1,0,0,1,1,1,0,0,1,0,1,0,1,0,1,1,0,0,1,1,1,1,0,0,0,1,0,0,1,1]
obj1: 0.4
obj2: 0.41
obj3: 0.57
--------------
solution: [1,0,0,1,1,0,0,0,1,0,1,0,1,0,1,1,0,0,0,0,1,0,1,0,0,0,1,0,1,0]
obj1: 0.4
obj2: 0.39
obj3: 0.68
--------------
solution: [1,0,0,1,1,0,0,0,1,0,1,0,0,0,0,0,0,0,1,1,0,1,0,1,0,1,0,1,1,0]
obj1: 0.49
obj2: 0.46
obj3: 0.43
--------------
solution: [1,0,0,1,1,1,0,0,1,0,1,0,1,0,0,0,0,0,1,1,1,1,0,0,0,1,0,0,1,1]
obj1: 0.42
obj2: 0.41
obj3: 0.5
--------------
solution: [1,1,1,1,0,0,0,1,0,0,1,0,1,0,1,0,1,0,1,1,0,1,0,1,0,0,0,0,1,0]
obj1: 0.51
obj2: 0.4
obj3: 0.4
--------------
solution: [0,1,0,1,0,0,1,1,0,1,1,0,1,0,1,0,1,0,0,1,1,0,1,0,0,1,0,0,1,0]
obj1: 0.48
obj2: 0.3
obj3: 0.64
--------------
solution: [1,0,0,1,1,1,0,0,0,1,0,0,1,0,1,0,0,1,1,1,1,1,0,0,0,1,0,0,1,1]
obj1: 0.42
obj2: 0.37
obj3: 0.61
--------------
solution: [0,0,0,1,1,1,1,1,0,0,1,0,1,0,1,0,1,1,0,1,0,1,1,0,1,1,0,1,1,1]
obj1: 0.52
obj2: 0.32
obj3: 0.53
--------------
solution: [1,0,0,1,1,0,0,0,1,0,1,0,0,0,1,0,0,0,1,1,1,1,0,0,0,1,0,0,1,1]
obj1: 0.43
obj2: 0.38
obj3: 0.56
--------------
solution: [0,0,0,1,1,0,1,1,1,1,0,0,0,1,1,0,0,1,1,1,1,1,0,0,0,1,0,1,0,1]
obj1: 0.5
obj2: 0.35
obj3: 0.53
--------------
solution: [1,1,0,1,1,1,0,0,0,0,1,0,0,0,1,0,1,0,0,1,0,1,1,0,1,1,1,0,0,1]
obj1: 0.58
obj2: 0.27
obj3: 0.57
--------------
solution: [1,0,0,1,1,1,1,1,0,0,1,0,1,0,1,0,0,0,1,1,1,1,0,0,0,1,0,0,1,1]
obj1: 0.43
obj2: 0.33
obj3: 0.62
--------------
solution: [1,0,0,1,1,1,0,0,0,1,0,0,1,0,1,0,0,1,1,0,1,1,0,0,0,1,0,0,1,1]
obj1: 0.41
obj2: 0.38
obj3: 0.63
--------------
solution: [0,1,0,1,0,0,1,1,0,1,1,0,1,0,1,0,0,0,0,1,1,0,0,0,0,1,0,0,1,0]
obj1: 0.44
obj2: 0.28
obj3: 0.78
--------------
solution: [0,0,1,1,1,1,0,0,0,0,0,0,0,0,1,0,1,0,0,1,0,1,1,0,0,1,0,1,0,1]
obj1: 0.51
obj2: 0.31
obj3: 0.54
--------------
solution: [0,0,0,1,1,1,1,1,0,0,1,0,1,0,1,1,0,0,0,0,1,0,1,0,0,1,0,0,0,1]
obj1: 0.42
obj2: 0.29
obj3: 0.76
--------------
solution: [0,0,0,1,1,0,1,1,0,0,0,0,0,0,1,0,1,0,0,1,0,1,1,1,0,1,1,0,1,1]
obj1: 0.52
obj2: 0.27
obj3: 0.61
--------------
solution: [1,0,0,1,1,0,0,1,0,0,1,0,1,1,1,0,0,0,1,1,1,1,0,0,0,1,0,0,0,1]
obj1: 0.44
obj2: 0.33
obj3: 0.54
--------------
solution: [0,1,0,1,1,1,1,1,0,1,1,0,1,0,1,0,0,1,0,1,1,0,0,0,0,1,0,0,1,0]
obj1: 0.46
obj2: 0.29
obj3: 0.65
--------------
solution: [1,0,0,1,1,1,0,0,0,1,0,0,1,0,1,0,0,0,1,1,1,0,0,1,0,0,0,0,1,1]
obj1: 0.41
obj2: 0.36
obj3: 0.65
--------------
solution: [1,1,0,0,1,1,0,1,0,1,1,0,0,0,1,0,1,0,0,1,0,1,1,0,1,1,1,0,0,1]
obj1: 0.59
obj2: 0.26
obj3: 0.59
--------------
solution: [1,0,0,1,1,1,1,1,0,0,1,0,1,0,1,1,0,0,1,1,1,0,1,0,0,1,0,0,1,0]
obj1: 0.4
obj2: 0.37
obj3: 0.69
--------------
solution: [0,0,0,1,1,0,1,1,0,0,0,0,0,0,1,0,1,0,0,1,0,1,0,1,0,0,0,0,1,1]
obj1: 0.49
obj2: 0.29
obj3: 0.57
--------------
solution: [0,1,0,1,0,0,1,1,0,1,1,0,1,0,1,0,0,0,0,1,0,1,0,0,0,1,0,0,1,0]
obj1: 0.47
obj2: 0.31
obj3: 0.64
--------------
solution: [0,0,0,1,1,0,1,1,0,1,1,1,1,0,1,0,0,0,1,1,1,1,0,0,0,1,1,0,1,0]
obj1: 0.46
obj2: 0.32
obj3: 0.59
--------------
solution: [1,0,0,1,1,1,1,1,0,0,1,0,0,0,1,0,1,0,0,1,0,1,1,0,1,1,1,1,0,1]
obj1: 0.56
obj2: 0.28
obj3: 0.58
--------------
solution: [0,0,1,1,1,1,0,0,0,0,1,0,1,0,1,1,0,0,0,1,0,1,1,1,0,1,0,1,0,1]
obj1: 0.5
obj2: 0.36
obj3: 0.5
--------------
solution: [0,0,0,1,1,1,1,1,0,0,1,0,1,0,1,0,0,0,0,0,1,0,1,0,0,1,0,0,0,0]
obj1: 0.42
obj2: 0.25
obj3: 0.79
--------------
solution: [0,1,0,1,1,1,1,1,0,0,1,0,1,0,1,0,0,0,0,0,1,0,1,0,0,1,0,0,0,0]
obj1: 0.45
obj2: 0.24
obj3: 0.79
--------------
solution: [1,1,1,1,1,1,1,0,0,0,1,0,0,0,1,0,1,0,0,1,1,1,0,1,1,0,1,1,0,1]
obj1: 0.61
obj2: 0.3
obj3: 0.44
--------------
solution: [1,1,1,1,1,1,0,0,0,0,1,0,1,0,1,0,1,0,0,1,1,1,0,1,0,0,1,1,0,1]
obj1: 0.56
obj2: 0.31
obj3: 0.41
--------------
solution: [0,0,0,1,1,1,1,0,0,1,1,0,1,0,1,0,1,1,0,0,0,1,0,1,0,1,1,0,0,1]
obj1: 0.58
obj2: 0.29
obj3: 0.55
--------------
solution: [1,0,0,1,1,1,0,0,1,0,1,0,1,0,0,0,0,0,1,1,1,1,1,1,0,1,0,0,1,1]
obj1: 0.46
obj2: 0.41
obj3: 0.48
--------------
solution: [0,1,1,1,1,1,1,0,1,1,1,0,1,0,1,0,1,0,0,1,1,1,0,1,0,1,0,1,1,0]
obj1: 0.52
obj2: 0.36
obj3: 0.36
--------------
solution: [0,1,1,1,0,0,0,0,1,0,0,0,1,0,1,0,1,0,0,1,1,1,0,1,0,1,0,1,1,0]
obj1: 0.49
obj2: 0.4
obj3: 0.46
--------------
solution: [0,0,0,1,1,1,0,1,0,0,1,0,1,0,1,0,0,0,0,0,1,0,1,0,0,1,0,0,0,0]
obj1: 0.39
obj2: 0.26
obj3: 0.8
--------------
solution: [0,0,0,1,1,0,1,1,0,1,0,0,0,1,1,0,0,1,0,1,0,1,0,0,0,1,0,1,0,1]
obj1: 0.52
obj2: 0.3
obj3: 0.55
--------------
solution: [1,1,0,1,1,0,0,0,0,0,1,0,0,0,1,0,1,0,0,1,0,1,1,0,1,1,1,1,0,1]
obj1: 0.58
obj2: 0.28
obj3: 0.56
--------------
solution: [1,0,0,1,1,0,0,1,0,1,1,0,1,0,1,0,0,0,1,1,1,1,0,0,0,1,0,0,0,1]
obj1: 0.42
obj2: 0.32
obj3: 0.65
--------------
solution: [1,0,0,1,1,0,1,0,1,1,1,0,1,0,1,1,0,0,0,1,1,1,0,1,0,1,0,0,1,0]
obj1: 0.45
obj2: 0.4
obj3: 0.53
--------------
solution: [0,0,0,1,1,0,1,1,0,1,1,1,1,0,1,0,0,0,1,1,1,1,0,0,1,1,1,0,1,0]
obj1: 0.48
obj2: 0.31
obj3: 0.59
--------------
solution: [0,0,0,1,1,1,1,1,0,1,1,0,1,0,1,0,1,1,0,1,1,1,1,1,0,1,1,0,1,1]
obj1: 0.53
obj2: 0.3
obj3: 0.49
--------------
