solution: [1,0,0,0,0,0,1,0,1,0,1,0,0,1,1,0,1,0,0,1,0,1,1,0,0,0,0,1,0,1]
obj1: 0.73
obj2: 0.75
obj3: 0.19
--------------
solution: [0,1,1,1,0,0,0,1,0,1,0,1,0,1,0,1,1,0,1,0,0,1,0,0,1,1,0,0,1,0]
obj1: 0.71
obj2: 0.67
obj3: 0.46
--------------
solution: [0,1,1,0,1,0,0,0,1,1,0,1,1,0,1,1,1,0,1,1,1,0,1,0,1,1,1,1,0,1]
obj1: 0.7
obj2: 0.69
obj3: 0.32
--------------
solution: [1,0,0,0,0,0,1,0,1,0,0,1,0,0,0,1,1,1,1,1,1,0,1,1,1,0,0,1,0,1]
obj1: 0.76
obj2: 0.72
obj3: 0.21
--------------
solution: [1,0,1,0,1,1,0,0,0,0,1,0,0,1,1,0,1,0,0,1,0,1,1,0,0,0,1,0,1,0]
obj1: 0.71
obj2: 0.74
obj3: 0.24
--------------
solution: [0,1,1,1,0,0,0,1,0,1,0,1,0,0,1,1,1,0,1,1,0,1,0,0,1,1,0,0,1,0]
obj1: 0.7
obj2: 0.67
obj3: 0.47
--------------
solution: [1,0,1,0,1,1,0,0,0,1,0,1,1,1,1,0,0,0,1,0,0,1,0,0,0,0,1,0,1,1]
obj1: 0.72
obj2: 0.66
obj3: 0.27
--------------
solution: [1,0,1,0,1,1,0,0,0,1,0,1,1,1,1,0,1,0,0,1,0,1,1,0,0,0,1,0,1,1]
obj1: 0.71
obj2: 0.7
obj3: 0.25
--------------
solution: [0,1,1,1,0,0,0,0,0,1,0,1,0,0,1,1,1,0,1,1,0,1,0,0,1,1,0,0,1,0]
obj1: 0.7
obj2: 0.66
obj3: 0.48
--------------
solution: [0,1,1,0,1,0,0,0,1,0,0,1,1,0,1,0,1,0,0,1,0,1,1,0,0,0,1,1,0,1]
obj1: 0.67
obj2: 0.7
obj3: 0.26
--------------
solution: [0,1,1,0,1,1,1,0,1,1,0,0,1,0,1,0,0,0,0,1,0,1,1,1,1,1,1,1,1,0]
obj1: 0.7
obj2: 0.69
obj3: 0.32
--------------
solution: [0,1,1,1,0,0,1,0,1,0,0,1,0,1,0,1,1,0,1,0,0,1,0,0,1,1,0,0,1,0]
obj1: 0.68
obj2: 0.69
obj3: 0.41
--------------
solution: [1,0,0,0,0,0,1,0,1,1,0,0,0,0,1,0,0,1,0,0,0,0,1,0,1,1,0,1,0,1]
obj1: 0.81
obj2: 0.63
obj3: 0.31
--------------
solution: [1,0,1,0,1,1,0,1,0,1,0,1,1,0,1,0,0,0,1,0,0,1,0,0,0,0,1,0,1,1]
obj1: 0.73
obj2: 0.65
obj3: 0.27
--------------
solution: [1,0,0,0,0,0,0,1,0,1,1,0,0,1,1,1,1,0,0,1,0,1,1,0,0,0,0,1,0,1]
obj1: 0.76
obj2: 0.75
obj3: 0.18
--------------
solution: [1,1,1,0,1,1,0,0,0,1,0,1,1,1,1,0,0,0,0,1,0,1,1,0,0,0,1,0,1,1]
obj1: 0.68
obj2: 0.71
obj3: 0.25
--------------
