solution: [0,1,0,1,1,0,0,1,0,0,1,1,0,1,0,0,1,0,1,1,0,1,0,1,0,0,1,0,0,1]
obj1: 0.71
obj2: 0.65
obj3: 0.22
--------------
solution: [0,1,1,0,0,1,1,1,1,0,1,0,0,0,0,1,1,0,0,0,1,1,1,0,1,1,0,1,0,1]
obj1: 0.7
obj2: 0.67
obj3: 0.28
--------------
solution: [1,1,0,1,1,0,0,0,0,0,1,0,0,0,1,0,0,1,0,0,0,1,0,1,0,0,0,0,0,0]
obj1: 0.81
obj2: 0.49
obj3: 0.3
--------------
solution: [0,1,0,1,0,1,1,1,1,0,0,1,1,0,0,1,1,1,1,1,0,0,0,0,0,0,1,1,0,1]
obj1: 0.67
obj2: 0.72
obj3: 0.32
--------------
solution: [1,1,1,1,0,1,0,0,0,1,0,1,0,1,1,0,0,0,1,1,1,1,0,0,0,1,0,1,0,1]
obj1: 0.69
obj2: 0.62
obj3: 0.29
--------------
solution: [1,1,1,1,0,1,0,0,0,1,0,0,0,0,0,1,0,0,0,1,1,1,0,0,0,1,0,1,0,1]
obj1: 0.68
obj2: 0.62
obj3: 0.3
--------------
solution: [0,0,1,1,0,0,0,0,0,0,1,0,0,0,1,0,0,1,0,1,0,1,0,1,0,0,0,0,0,0]
obj1: 0.78
obj2: 0.61
obj3: 0.2
--------------
solution: [1,1,0,0,0,0,0,0,0,1,0,0,1,0,0,0,1,0,0,0,1,1,0,1,0,1,0,1,0,0]
obj1: 0.75
obj2: 0.51
obj3: 0.47
--------------
solution: [1,1,0,1,0,0,0,1,0,0,1,1,1,1,0,0,1,0,1,1,0,1,1,1,0,0,1,1,0,1]
obj1: 0.73
obj2: 0.65
obj3: 0.2
--------------
solution: [0,1,0,0,0,1,0,0,0,1,0,0,1,0,1,0,1,0,0,0,1,1,0,1,1,0,0,1,0,0]
obj1: 0.75
obj2: 0.61
obj3: 0.33
--------------
solution: [1,0,1,1,1,0,1,1,0,0,0,1,1,1,1,1,0,0,0,1,0,1,0,0,0,0,1,1,0,0]
obj1: 0.72
obj2: 0.67
obj3: 0.21
--------------
solution: [1,0,1,1,0,1,0,0,0,0,1,1,0,1,0,0,1,0,0,1,0,1,1,0,0,1,1,1,1,1]
obj1: 0.75
obj2: 0.64
obj3: 0.24
--------------
