solution: [0,1,0,0,0,0,1,1,0,1,1,1,0,1,1,1,1,0,1,0,1,0,1,0,0,0,0,1,1,0]
obj1: 0.5455661768174455
obj2: 0.8175438642501831
obj3: 0.12199997901916504
--------------
solution: [,1,0,0,1,1,0,0,0,1,0,0,1,1,0,0,0,0,0,0,0,0,0,0,0,0,1,1,0,0,0]
obj1: 0.4750646385576831
obj2: 0.8308270573616028
obj3: 0.11750000715255737
--------------
solution: [0,1,0,0,1,0,1,1,1,1,1,1,1,0,0,1,1,1,1,0,1,0,0,0,1,1,0,0,0,0]
obj1: 0.5165050137808267
obj2: 0.8190789446234703
obj3: 0.12050002813339233
--------------
solution: [,1,0,0,1,1,0,0,0,1,0,0,1,1,0,0,0,0,0,0,0,0,0,1,0,0,1,1,0,0,0]
obj1: 0.4847311927689107
obj2: 0.8216374185350206
obj3: 0.10799998044967651
--------------
