solution: [1,0,1,1,0,1,0,1,0,1,0,1,0,1,0,1,0,1,0,0,1,1,1,1,0,0,1,1,0,1]
obj1: 0.66
obj2: 0.72
obj3: 0.25
--------------
solution: [0,1,1,1,0,1,1,0,1,1,1,1,0,1,0,1,0,0,0,0,0,1,1,0,1,1,1,0,1,0]
obj1: 0.66
obj2: 0.8
obj3: 0.23
--------------
solution: [1,0,1,0,1,0,0,1,1,1,0,1,0,0,0,0,1,0,0,1,1,1,0,0,0,0,0,0,0,0]
obj1: 0.64
obj2: 0.69
obj3: 0.35
--------------
solution: [1,0,0,1,1,0,0,1,0,1,1,1,1,0,1,0,1,0,0,1,0,1,0,1,0,0,1,1,0,1]
obj1: 0.71
obj2: 0.72
obj3: 0.18
--------------
solution: [1,0,1,0,1,0,0,1,1,1,0,1,1,0,1,0,1,0,0,1,0,1,0,1,0,0,0,0,0,0]
obj1: 0.69
obj2: 0.71
obj3: 0.2
--------------
solution: [1,1,1,1,1,1,0,0,0,1,1,1,0,1,0,1,0,1,0,0,0,0,0,0,1,0,0,1,0,1]
obj1: 0.68
obj2: 0.71
obj3: 0.24
--------------
solution: [1,0,1,0,0,1,0,1,0,1,0,1,0,0,0,1,0,1,0,0,1,1,1,1,0,0,1,1,0,1]
obj1: 0.68
obj2: 0.69
obj3: 0.26
--------------
solution: [0,1,1,0,1,0,0,0,0,0,0,1,0,1,1,1,0,0,1,0,1,1,1,1,0,0,1,0,0,1]
obj1: 0.65
obj2: 0.74
obj3: 0.25
--------------
solution: [1,0,1,1,0,1,0,1,1,1,0,1,0,1,0,1,0,0,1,0,1,1,0,1,0,0,1,0,0,1]
obj1: 0.64
obj2: 0.74
obj3: 0.27
--------------
solution: [0,1,1,0,0,0,0,1,0,1,1,1,1,0,1,0,1,1,1,0,1,1,0,1,0,0,0,0,0,0]
obj1: 0.72
obj2: 0.68
obj3: 0.23
--------------
solution: [1,0,1,0,0,1,0,1,1,1,0,1,1,1,0,0,1,1,1,0,1,1,0,0,0,0,0,0,0,0]
obj1: 0.67
obj2: 0.68
obj3: 0.3
--------------
solution: [1,0,0,0,1,0,0,1,0,1,1,1,1,0,1,0,1,0,0,1,0,1,0,1,0,0,0,0,0,1]
obj1: 0.71
obj2: 0.69
obj3: 0.21
--------------
solution: [0,1,1,1,0,0,0,1,1,1,0,1,0,0,0,0,1,0,0,1,0,0,0,0,0,0,0,0,0,0]
obj1: 0.61
obj2: 0.77
obj3: 0.42
--------------
solution: [1,0,1,0,1,0,0,1,1,1,0,1,1,1,1,0,1,0,0,1,0,1,0,1,0,0,0,0,0,0]
obj1: 0.67
obj2: 0.73
obj3: 0.2
--------------
solution: [1,0,0,1,1,1,0,1,1,1,0,1,1,1,0,0,1,0,0,1,0,1,0,0,0,0,1,1,0,1]
obj1: 0.64
obj2: 0.75
obj3: 0.26
--------------
solution: [1,0,1,0,1,0,0,1,0,0,1,0,0,1,1,0,1,0,0,0,1,1,0,0,0,0,0,0,0,0]
obj1: 0.7
obj2: 0.68
obj3: 0.25
--------------
solution: [1,0,1,0,0,1,0,1,0,1,0,1,0,0,0,1,0,0,1,0,1,1,0,1,0,0,1,0,0,1]
obj1: 0.65
obj2: 0.71
obj3: 0.27
--------------
solution: [0,1,1,1,1,0,0,0,0,0,0,1,0,1,1,1,0,0,1,0,1,1,1,1,0,0,1,0,0,1]
obj1: 0.65
obj2: 0.74
obj3: 0.25
--------------
