solution: [1,0,0,1,1,0,1,0,0,1,1,0,1,0,1,1,0,0,1,0,0,1,0,1,1,0,1,1,1,1]
obj1: 0.52
obj2: 0.36
obj3: 0.5
--------------
solution: [0,0,0,1,1,1,1,1,1,0,0,0,1,1,1,0,1,1,1,1,1,0,0,0,0,0,1,1,0,0]
obj1: 0.51
obj2: 0.33
obj3: 0.52
--------------
solution: [0,1,0,1,1,0,1,1,0,0,1,0,0,1,0,0,1,0,1,1,1,0,0,0,0,0,0,1,0,1]
obj1: 0.55
obj2: 0.33
obj3: 0.49
--------------
solution: [1,0,0,0,0,0,1,1,0,0,0,0,0,0,1,0,1,1,1,0,0,0,1,0,0,0,1,1,1,0]
obj1: 0.55
obj2: 0.25
obj3: 0.63
--------------
solution: [0,1,0,0,1,1,1,1,1,1,1,0,1,0,0,1,0,0,0,0,0,0,0,0,1,1,0,1,1,1]
obj1: 0.49
obj2: 0.36
obj3: 0.71
--------------
solution: [1,1,0,0,1,0,1,1,1,0,0,0,1,0,0,0,1,1,1,1,1,1,0,0,0,1,0,1,1,0]
obj1: 0.47
obj2: 0.37
obj3: 0.56
--------------
solution: [1,1,0,0,0,0,0,0,1,0,1,0,0,0,0,1,1,0,1,1,0,0,0,1,0,0,0,0,1,1]
obj1: 0.57
obj2: 0.42
obj3: 0.48
--------------
solution: [0,1,0,1,1,0,1,1,1,1,0,1,1,1,0,1,1,0,1,0,0,0,0,0,1,1,1,1,0,0]
obj1: 0.53
obj2: 0.32
obj3: 0.64
--------------
