solution: [0,0,1,1,0,0,1,1,0,0,0,0,0,1,1,0,0,0,0,0,1,0,0,0,1,0,0,0,1,1]
obj1: 0.52
obj2: 0.58
obj3: 0.35
--------------
solution: [0,0,0,0,0,1,1,1,0,0,0,0,0,0,0,0,0,0,0,0,1,0,0,0,1,1,1,0,1,0]
obj1: 0.54
obj2: 0.46
obj3: 0.6
--------------
solution: [0,0,0,0,0,0,0,1,0,0,0,0,0,0,0,0,0,0,0,0,0,0,1,0,0,0,0,1,0,1]
obj1: 0.54
obj2: 0.5
obj3: 0.47
--------------
solution: [0,0,0,1,0,1,1,1,0,1,0,0,0,0,0,0,0,0,0,0,1,0,0,0,0,0,1,0,1,1]
obj1: 0.51
obj2: 0.48
obj3: 0.49
--------------
solution: [0,0,1,1,0,0,1,1,0,0,0,0,0,1,1,0,0,0,0,0,1,0,0,0,1,0,0,0,1,0]
obj1: 0.51
obj2: 0.61
obj3: 0.35
--------------
solution: [0,0,0,1,0,0,1,1,0,0,1,0,1,1,1,0,0,0,0,0,1,0,1,0,0,0,0,0,1,0]
obj1: 0.47
obj2: 0.61
obj3: 0.4
--------------
solution: [1,0,0,1,1,0,1,1,0,0,0,0,1,0,1,0,0,0,0,0,1,0,0,0,1,0,0,0,1,0]
obj1: 0.38
obj2: 0.63
obj3: 0.34
--------------
solution: [1,1,1,1,1,1,1,1,0,0,0,0,1,1,1,0,0,0,0,0,0,0,1,0,0,1,1,1,1,1]
obj1: 0.53
obj2: 0.65
obj3: 0.32
--------------
solution: [0,0,0,1,0,1,1,1,0,0,0,0,0,0,0,0,0,0,0,0,1,0,0,0,1,0,0,0,1,0]
obj1: 0.46
obj2: 0.5
obj3: 0.51
--------------
solution: [0,0,0,0,0,0,1,1,0,0,0,0,1,0,0,0,0,0,1,0,1,0,1,0,0,0,0,0,1,0]
obj1: 0.38
obj2: 0.54
obj3: 0.5
--------------
solution: [0,0,0,0,0,1,0,1,0,0,0,0,1,0,0,0,0,0,0,0,0,0,0,0,0,1,1,0,1,1]
obj1: 0.45
obj2: 0.47
obj3: 0.56
--------------
solution: [0,1,1,1,0,0,1,1,0,0,1,0,0,1,1,0,0,0,0,0,1,0,0,0,0,1,1,0,1,1]
obj1: 0.59
obj2: 0.61
obj3: 0.32
--------------
solution: [0,0,0,0,1,0,1,1,0,1,0,0,1,0,0,0,0,0,0,0,0,0,0,0,1,1,1,0,1,0]
obj1: 0.48
obj2: 0.55
obj3: 0.41
--------------
solution: [0,0,0,1,1,0,0,1,0,0,0,0,1,0,0,0,0,0,1,0,1,0,0,0,0,0,0,0,1,1]
obj1: 0.3
obj2: 0.61
obj3: 0.44
--------------
solution: [0,0,0,1,1,0,0,0,0,1,0,0,1,0,1,0,0,0,0,0,1,0,0,0,0,0,0,0,1,0]
obj1: 0.29
obj2: 0.71
obj3: 0.37
--------------
solution: [0,0,0,0,0,0,1,1,0,0,0,0,1,0,1,0,0,0,0,0,1,0,0,0,1,0,0,0,1,0]
obj1: 0.4
obj2: 0.53
obj3: 0.43
--------------
solution: [0,0,0,0,0,0,0,1,0,0,0,0,1,0,0,0,0,0,0,0,1,0,0,0,0,0,0,1,0,1]
obj1: 0.39
obj2: 0.49
obj3: 0.53
--------------
solution: [0,0,1,1,0,1,1,1,0,0,0,0,0,1,1,0,0,0,0,0,1,0,0,0,1,1,1,0,0,1]
obj1: 0.59
obj2: 0.55
obj3: 0.37
--------------
