solution: [0,1,1,1,1,0,1,0,0,0,0,0,1,0,1,0,1,1,1,1,1,0,0,1,1,1,1,0,0,1]
obj1: 0.57
obj2: 0.34
obj3: 0.43
--------------
solution: [0,0,1,1,0,1,1,1,1,0,0,1,0,0,1,1,0,1,1,0,1,1,0,0,0,0,0,0,0,1]
obj1: 0.51
obj2: 0.29
obj3: 0.76
--------------
solution: [1,0,0,1,1,1,0,1,0,1,0,1,0,1,0,0,0,1,0,1,0,0,0,0,1,0,0,0,0,1]
obj1: 0.55
obj2: 0.25
obj3: 0.5
--------------
solution: [1,0,0,1,1,1,0,1,0,0,0,0,1,1,1,0,0,1,1,1,1,1,0,0,1,1,0,1,0,1]
obj1: 0.48
obj2: 0.35
obj3: 0.34
--------------
solution: [1,1,0,1,1,0,1,1,0,0,0,0,1,1,0,1,0,0,0,1,1,0,0,0,0,0,0,1,1,0]
obj1: 0.42
obj2: 0.41
obj3: 0.53
--------------
solution: [0,0,1,1,0,1,1,1,1,0,0,1,1,1,0,1,0,0,0,1,1,1,0,0,0,0,0,0,1,1]
obj1: 0.47
obj2: 0.34
obj3: 0.63
--------------
solution: [1,0,0,1,1,1,1,1,0,1,0,0,1,0,1,0,0,1,1,0,0,0,0,0,0,1,1,1,0,0]
obj1: 0.48
obj2: 0.39
obj3: 0.28
--------------
solution: [1,0,0,1,0,1,1,1,1,0,0,0,1,0,1,1,0,0,0,1,0,0,0,0,1,0,0,0,1,1]
obj1: 0.43
obj2: 0.35
obj3: 0.6
--------------
solution: [1,0,0,1,1,0,1,0,0,0,0,0,1,1,1,0,0,0,1,0,1,1,0,0,0,1,0,0,1,0]
obj1: 0.4
obj2: 0.48
obj3: 0.44
--------------
solution: [1,1,1,1,1,1,0,1,0,0,0,1,1,0,0,1,0,0,0,0,0,0,0,1,1,0,1,0,1,1]
obj1: 0.51
obj2: 0.31
obj3: 0.72
--------------
solution: [1,0,1,1,1,1,0,1,1,0,0,1,0,1,1,0,0,1,0,1,1,0,1,1,0,0,0,0,0,1]
obj1: 0.54
obj2: 0.28
obj3: 0.59
--------------
solution: [1,0,0,1,1,0,1,0,0,1,0,0,1,1,1,0,0,0,1,0,1,1,0,0,0,1,0,1,1,1]
obj1: 0.44
obj2: 0.44
obj3: 0.44
--------------
solution: [0,0,1,1,0,0,1,1,1,0,0,1,0,0,1,1,0,1,1,0,1,1,0,0,0,0,0,0,0,1]
obj1: 0.5
obj2: 0.3
obj3: 0.75
--------------
solution: [0,1,1,1,1,1,0,1,0,0,0,0,1,0,1,0,1,1,1,1,1,0,0,1,1,1,1,0,0,1]
obj1: 0.54
obj2: 0.31
obj3: 0.44
--------------
solution: [0,0,0,0,1,1,1,1,0,1,0,0,1,0,1,0,0,1,1,0,0,0,0,1,1,0,0,1,1,1]
obj1: 0.52
obj2: 0.3
obj3: 0.5
--------------
