solution: [1,0,1,1,0,0,0,1,0,1,0,1,1,0,0,0,1,1,0,0,1,0,0,0,0,1,0,0,0,1]
obj1: 0.51
obj2: 0.62
obj3: 0.54
--------------
solution: [0,0,1,1,0,1,0,0,0,1,0,0,0,0,0,0,0,0,0,0,0,0,0,0,1,1,1,0,1,1]
obj1: 0.58
obj2: 0.58
obj3: 0.58
--------------
solution: [1,0,1,1,1,0,1,1,0,0,0,0,1,1,1,0,0,0,0,1,0,0,1,0,0,0,0,0,0,0]
obj1: 0.48
obj2: 0.71
obj3: 0.38
--------------
solution: [0,0,0,0,0,0,1,1,0,0,0,0,0,0,1,0,0,0,1,0,1,1,0,1,1,1,0,0,1,0]
obj1: 0.53
obj2: 0.63
obj3: 0.51
--------------
solution: [0,0,0,1,1,0,1,1,0,0,0,0,1,1,1,0,0,0,0,1,0,0,1,0,1,0,0,1,0,0]
obj1: 0.51
obj2: 0.67
obj3: 0.4
--------------
solution: [1,0,1,1,1,0,1,1,0,1,0,0,0,1,0,0,1,1,1,1,1,1,1,0,0,0,0,0,0,0]
obj1: 0.56
obj2: 0.7
obj3: 0.39
--------------
solution: [0,0,1,1,1,1,1,0,0,1,0,0,0,0,0,0,0,0,0,0,0,0,1,0,1,1,1,0,1,1]
obj1: 0.56
obj2: 0.59
obj3: 0.55
--------------
solution: [1,1,1,1,1,1,1,1,0,1,0,0,0,1,0,0,1,1,0,1,1,1,1,1,1,1,1,0,0,1]
obj1: 0.63
obj2: 0.64
obj3: 0.39
--------------
solution: [0,0,0,0,0,0,0,1,0,0,0,0,1,1,1,0,0,0,0,1,0,0,1,0,1,1,0,1,0,1]
obj1: 0.54
obj2: 0.63
obj3: 0.41
--------------
solution: [1,1,0,1,1,1,1,1,1,0,0,0,1,0,0,1,1,0,1,0,1,0,1,1,1,0,0,0,1,1]
obj1: 0.5
obj2: 0.64
obj3: 0.42
--------------
solution: [0,0,1,1,0,0,1,1,0,0,0,1,0,0,0,0,0,0,0,0,0,0,0,0,1,1,1,0,1,1]
obj1: 0.58
obj2: 0.55
obj3: 0.74
--------------
solution: [0,0,0,1,1,0,1,1,0,0,0,0,1,0,1,0,1,0,0,1,0,0,1,0,1,0,0,0,0,0]
obj1: 0.48
obj2: 0.65
obj3: 0.48
--------------
solution: [0,0,0,0,0,0,0,1,0,0,0,0,1,0,0,0,0,0,0,1,0,0,1,0,0,0,0,1,0,1]
obj1: 0.48
obj2: 0.59
obj3: 0.59
--------------
solution: [0,0,0,0,0,0,0,1,0,0,0,1,1,0,0,1,0,0,1,1,1,0,0,0,0,0,1,1,1,1]
obj1: 0.46
obj2: 0.62
obj3: 0.69
--------------
solution: [0,0,0,1,0,1,1,1,0,0,1,0,1,1,0,1,0,1,1,1,0,0,1,0,1,1,1,0,1,1]
obj1: 0.56
obj2: 0.61
obj3: 0.46
--------------
solution: [0,0,0,0,0,0,1,1,0,0,0,0,0,0,1,0,0,0,0,1,1,0,0,0,1,0,0,0,1,0]
obj1: 0.47
obj2: 0.58
obj3: 0.62
--------------
solution: [0,1,0,0,1,0,1,1,1,0,0,0,1,0,0,0,1,1,0,1,1,1,1,1,1,0,0,0,1,1]
obj1: 0.57
obj2: 0.65
obj3: 0.37
--------------
