solution: [0,1,1,1,1,0,0,0,1,0,1,1,1,1,1,0,0,1,1,0,0,1,0,0,0,1,0,1,0,0]
obj1: 0.5
obj2: 0.18
obj3: 0.5
--------------
solution: [0,0,0,1,1,0,0,0,1,0,1,1,1,0,1,0,1,0,1,1,0,1,0,0,0,0,0,0,0,0]
obj1: 0.49
obj2: 0.19
obj3: 0.56
--------------
solution: [0,1,0,0,1,1,0,0,1,0,1,1,1,1,1,0,0,0,1,0,0,1,0,0,0,1,0,1,0,0]
obj1: 0.47
obj2: 0.21
obj3: 0.62
--------------
solution: [0,1,0,1,1,0,0,0,1,0,1,1,1,0,0,0,0,0,0,0,1,1,0,1,0,1,0,1,0,0]
obj1: 0.53
obj2: 0.18
obj3: 0.49
--------------
solution: [1,0,1,1,0,1,0,1,1,1,0,1,1,1,1,0,0,0,1,0,0,1,0,0,0,1,0,0,0,1]
obj1: 0.53
obj2: 0.17
obj3: 0.58
--------------
solution: [0,0,0,1,1,0,1,0,1,0,0,1,0,1,0,0,1,0,1,1,0,1,0,0,0,0,0,0,0,0]
obj1: 0.48
obj2: 0.26
obj3: 0.6
--------------
solution: [1,0,1,0,1,0,1,0,1,0,1,1,1,0,0,0,1,0,1,1,0,1,1,0,0,0,0,0,0,0]
obj1: 0.56
obj2: 0.23
obj3: 0.45
--------------
solution: [1,0,1,0,1,0,0,0,1,0,1,1,1,0,1,0,1,1,1,0,0,1,0,0,0,1,0,0,0,0]
obj1: 0.58
obj2: 0.13
obj3: 0.51
--------------
solution: [0,0,0,0,1,0,0,0,1,0,1,1,1,0,1,0,0,1,1,0,1,1,0,0,0,0,0,0,0,0]
obj1: 0.54
obj2: 0.16
obj3: 0.63
--------------
