solution: [0,1,1,1,0,1,1,0,1,1,0,1,0,1,0,1,0,1,1,1,0,0,1,0,0,1,0,0,1,0]
obj1: 0.62
obj2: 0.55
obj3: 0.38
--------------
solution: [0,0,0,0,0,1,0,0,0,1,0,1,0,1,1,0,1,0,1,0,0,1,0,1,1,1,1,0,1,1]
obj1: 0.67
obj2: 0.45
obj3: 0.34
--------------
solution: [1,1,0,1,0,1,1,0,0,1,0,1,1,0,1,0,1,0,1,0,1,1,0,1,1,0,0,1,1,0]
obj1: 0.64
obj2: 0.46
obj3: 0.27
--------------
solution: [0,1,1,0,0,0,1,0,1,0,0,0,0,0,1,1,1,1,0,1,1,1,0,0,0,0,0,0,1,0]
obj1: 0.62
obj2: 0.53
obj3: 0.66
--------------
solution: [1,1,1,0,1,1,0,0,0,1,0,0,0,1,0,1,1,0,0,1,0,0,0,1,0,0,1,1,0,0]
obj1: 0.61
obj2: 0.57
obj3: 0.36
--------------
solution: [1,0,1,0,0,1,0,0,1,0,0,0,1,0,0,1,1,1,0,1,0,1,0,1,0,0,0,1,0,1]
obj1: 0.63
obj2: 0.5
obj3: 0.42
--------------
solution: [0,0,1,0,1,1,1,0,0,0,0,1,1,0,0,0,0,1,1,0,0,0,1,1,1,0,0,0,1,1]
obj1: 0.71
obj2: 0.38
obj3: 0.46
--------------
solution: [0,1,1,0,0,1,0,1,0,0,0,1,0,0,1,0,1,0,1,1,0,1,1,1,1,0,0,1,1,1]
obj1: 0.64
obj2: 0.43
obj3: 0.37
--------------
