solution: [0,1,1,1,0,0,1,1,0,1,0,0,0,0,0,0,0,0,0,0,0,0,0,0,1,0,1,0,1,1]
obj1: 0.62
obj2: 0.54
obj3: 0.24
--------------
solution: [0,1,1,1,0,0,1,1,0,1,0,0,1,0,0,0,0,0,0,0,0,0,0,0,1,0,1,0,1,1]
obj1: 0.57
obj2: 0.55
obj3: 0.24
--------------
solution: [1,0,0,0,0,0,0,1,0,0,0,0,1,0,0,0,0,0,0,0,1,1,1,0,0,0,0,0,1,1]
obj1: 0.4
obj2: 0.57
obj3: 0.4
--------------
solution: [0,0,0,0,1,0,0,1,0,0,0,0,1,0,0,0,0,0,0,0,0,0,0,0,1,0,0,1,1,0]
obj1: 0.38
obj2: 0.6
obj3: 0.25
--------------
solution: [0,0,1,1,0,0,1,1,0,0,0,0,1,0,0,0,0,0,0,0,0,0,0,0,1,0,1,0,1,1]
obj1: 0.54
obj2: 0.51
obj3: 0.25
--------------
solution: [0,0,0,1,1,0,0,1,0,1,0,0,1,0,0,0,0,0,0,0,0,0,1,0,1,0,0,0,1,0]
obj1: 0.38
obj2: 0.59
obj3: 0.28
--------------
solution: [0,0,0,1,1,0,0,1,0,0,0,0,1,0,0,0,0,0,0,0,0,0,0,0,1,0,0,1,1,0]
obj1: 0.37
obj2: 0.62
obj3: 0.25
--------------
solution: [1,0,0,0,0,0,0,1,0,0,0,0,1,0,0,0,0,0,0,0,0,0,0,0,1,0,0,0,1,1]
obj1: 0.41
obj2: 0.52
obj3: 0.25
--------------
solution: [0,0,0,1,0,1,0,1,0,0,0,0,1,0,1,0,0,0,0,0,1,1,0,0,0,0,0,0,1,0]
obj1: 0.36
obj2: 0.63
obj3: 0.48
--------------
solution: [0,0,0,0,0,0,1,1,0,0,0,0,1,1,0,0,0,0,0,0,0,0,0,0,1,1,1,0,0,1]
obj1: 0.62
obj2: 0.45
obj3: 0.25
--------------
