solution: [0,1,0,0,0,0,0,0,1,0,1,1,1,0,0,0,1,0,0,1,1,0,0,0,1,1,1,1,1,0]
obj1: 0.49
obj2: 0.56
obj3: 0.5
--------------
solution: [1,1,0,0,0,1,0,0,0,0,1,1,0,1,0,1,0,0,1,1,1,1,0,1,0,0,0,1,0,0]
obj1: 0.46
obj2: 0.64
obj3: 0.56
--------------
solution: [0,0,1,0,0,0,1,0,0,0,1,1,0,1,0,0,0,0,1,0,1,0,0,0,0,1,1,0,0,0]
obj1: 0.51
obj2: 0.48
obj3: 0.63
--------------
solution: [0,1,0,1,1,0,0,0,1,1,0,0,1,1,1,0,0,0,1,1,1,1,0,0,0,1,0,1,1,0]
obj1: 0.48
obj2: 0.69
obj3: 0.46
--------------
solution: [1,1,0,0,0,1,0,0,0,0,1,1,0,1,0,0,1,0,0,1,0,1,0,0,1,0,1,1,0,0]
obj1: 0.52
obj2: 0.53
obj3: 0.49
--------------
solution: [0,0,0,0,0,0,1,0,0,0,1,1,0,1,0,0,0,0,1,0,1,0,0,0,0,0,1,0,0,0]
obj1: 0.48
obj2: 0.42
obj3: 0.69
--------------
solution: [0,0,0,0,0,0,1,0,0,0,1,0,0,0,0,0,0,0,1,0,1,0,0,0,0,0,1,0,1,1]
obj1: 0.65
obj2: 0.42
obj3: 0.57
--------------
solution: [0,1,0,0,0,0,0,0,1,0,1,1,1,0,0,0,1,0,0,1,1,1,0,0,1,1,1,0,1,0]
obj1: 0.5
obj2: 0.58
obj3: 0.46
--------------
solution: [0,1,0,0,0,0,0,0,0,0,1,1,1,0,0,0,1,0,0,1,1,0,0,0,1,1,1,1,1,0]
obj1: 0.52
obj2: 0.56
obj3: 0.43
--------------
solution: [1,1,1,0,0,0,0,0,0,0,1,0,0,0,1,1,0,1,1,1,0,0,0,1,1,0,1,1,1,0]
obj1: 0.62
obj2: 0.64
obj3: 0.35
--------------
solution: [0,1,0,0,0,0,0,0,1,0,1,1,1,0,0,1,1,0,0,1,1,1,0,0,1,1,1,1,1,0]
obj1: 0.49
obj2: 0.61
obj3: 0.49
--------------
solution: [0,1,1,1,0,1,0,0,0,0,0,1,1,0,0,1,1,1,1,1,1,1,0,1,0,0,0,1,0,0]
obj1: 0.44
obj2: 0.72
obj3: 0.66
--------------
solution: [0,0,0,0,0,0,1,0,0,0,1,1,0,1,0,0,0,0,1,0,1,0,0,0,0,1,1,0,0,0]
obj1: 0.5
obj2: 0.44
obj3: 0.64
--------------
solution: [1,1,1,0,0,0,0,0,0,0,1,0,1,1,1,1,0,0,0,1,1,1,1,1,1,0,1,1,1,0]
obj1: 0.58
obj2: 0.65
obj3: 0.41
--------------
solution: [0,0,0,0,0,0,1,0,0,0,1,1,1,1,0,0,0,0,1,0,1,0,0,0,0,0,1,0,0,0]
obj1: 0.45
obj2: 0.49
obj3: 0.69
--------------
solution: [0,1,0,1,1,0,0,0,1,1,0,0,0,0,1,1,0,1,0,1,1,1,0,1,0,1,0,1,1,0]
obj1: 0.55
obj2: 0.72
obj3: 0.41
--------------
solution: [0,1,1,1,0,0,1,0,0,0,0,0,1,0,1,1,0,1,1,1,1,0,0,0,1,1,0,1,1,1]
obj1: 0.56
obj2: 0.66
obj3: 0.37
--------------
solution: [1,1,1,0,0,1,0,0,1,0,1,1,1,0,0,0,1,0,0,1,1,1,0,0,1,1,1,1,0,0]
obj1: 0.48
obj2: 0.58
obj3: 0.58
--------------
solution: [1,1,1,0,0,0,1,0,0,0,1,0,1,1,1,0,1,0,0,1,1,1,0,0,1,0,0,1,0,0]
obj1: 0.54
obj2: 0.62
obj3: 0.42
--------------
solution: [0,0,0,0,0,0,0,0,0,0,1,0,0,1,0,0,0,0,0,1,1,1,0,0,1,0,1,1,1,1]
obj1: 0.61
obj2: 0.51
obj3: 0.47
--------------
solution: [1,0,1,1,0,1,0,1,0,1,1,0,0,0,1,0,0,1,0,1,1,1,0,1,0,0,1,0,0,1]
obj1: 0.65
obj2: 0.59
obj3: 0.38
--------------
