solution: [1,1,1,1,1,1,0,0,0,0,1,0,0,0,1,0,1,0,0,1,0,1,1,0,1,1,1,1,0,1]
obj1: 0.59
obj2: 0.3
obj3: 0.54
--------------
solution: [0,1,0,1,0,0,1,0,0,1,0,1,1,1,1,1,1,0,0,1,1,0,1,0,0,1,1,0,1,0]
obj1: 0.51
obj2: 0.35
obj3: 0.7
--------------
solution: [0,0,0,1,0,1,1,0,1,0,0,0,1,0,1,0,0,1,0,1,1,1,1,0,1,0,1,1,1,0]
obj1: 0.52
obj2: 0.37
obj3: 0.54
--------------
solution: [1,0,0,1,0,1,1,0,0,1,1,1,1,0,1,0,1,1,0,1,0,1,1,1,0,1,1,0,1,0]
obj1: 0.58
obj2: 0.37
obj3: 0.46
--------------
solution: [0,1,0,0,1,1,0,1,1,1,1,0,0,1,1,1,0,0,1,1,1,0,1,0,0,1,1,1,0,1]
obj1: 0.53
obj2: 0.33
obj3: 0.66
--------------
solution: [0,0,0,1,1,1,1,1,1,0,0,0,1,0,1,1,0,0,1,1,0,1,0,1,1,1,0,0,0,1]
obj1: 0.46
obj2: 0.36
obj3: 0.61
--------------
solution: [1,0,0,1,1,1,0,0,1,0,1,0,0,0,0,0,0,0,1,1,1,1,0,0,0,1,0,0,1,1]
obj1: 0.45
obj2: 0.41
obj3: 0.5
--------------
solution: [1,0,0,1,1,0,0,0,1,0,1,0,0,0,1,1,1,0,1,0,1,1,0,0,0,1,0,1,1,0]
obj1: 0.43
obj2: 0.45
obj3: 0.69
--------------
