solution: [0,0,0,1,0,0,0,0,0,0,0,0,1,1,1,0,0,1,0,1,1,1,1,0,1,1,0,0,0,0]
obj1: 0.51
obj2: 0.43
obj3: 0.47
--------------
solution: [0,0,0,0,1,0,0,0,0,0,0,0,0,0,1,1,0,0,1,0,1,1,0,0,1,1,1,0,1,1]
obj1: 0.46
obj2: 0.36
obj3: 0.84
--------------
solution: [1,0,0,0,0,0,0,1,1,0,1,0,1,0,1,0,0,0,0,0,0,0,1,1,1,1,0,1,1,0]
obj1: 0.52
obj2: 0.38
obj3: 0.63
--------------
solution: [1,1,1,1,1,0,0,1,1,1,1,0,1,1,1,0,0,0,0,1,0,1,0,1,1,0,0,0,1,1]
obj1: 0.54
obj2: 0.39
obj3: 0.45
--------------
solution: [1,0,0,0,1,0,1,1,1,0,0,0,0,0,1,1,0,0,0,1,0,0,0,0,0,1,0,0,0,0]
obj1: 0.42
obj2: 0.42
obj3: 0.69
--------------
solution: [1,0,1,0,1,0,0,0,1,0,1,0,0,1,1,0,1,0,1,0,0,1,0,0,0,1,1,0,0,0]
obj1: 0.6
obj2: 0.36
obj3: 0.71
--------------
solution: [1,0,0,1,1,0,0,1,1,1,0,0,1,1,0,0,1,0,1,0,1,0,0,0,0,1,0,1,0,0]
obj1: 0.44
obj2: 0.38
obj3: 0.69
--------------
solution: [1,1,0,1,1,0,1,1,0,1,0,1,0,0,1,0,0,0,0,0,0,1,1,1,1,0,1,0,1,0]
obj1: 0.57
obj2: 0.31
obj3: 0.73
--------------
solution: [0,1,0,1,1,0,0,0,0,1,0,1,0,0,1,0,0,1,0,1,0,0,1,1,1,0,1,0,1,0]
obj1: 0.59
obj2: 0.37
obj3: 0.6
--------------
