solution: [0,1,0,0,0,0,0,0,1,0,0,1,0,0,1,0,0,1,1,0,0,1,1,1,0,0,0,0,1,0]
obj1: 0.64
obj2: 0.61
obj3: 0.44
--------------
solution: [1,0,0,1,0,0,0,0,0,0,0,1,0,0,0,0,1,1,1,1,1,0,1,1,1,0,1,0,0,0]
obj1: 0.74
obj2: 0.6
obj3: 0.34
--------------
solution: [0,1,1,1,1,1,0,0,0,0,1,0,0,0,1,0,1,1,1,1,0,0,1,1,0,0,0,1,1,0]
obj1: 0.71
obj2: 0.58
obj3: 0.4
--------------
solution: [0,0,1,1,0,0,0,0,1,0,0,1,1,0,0,0,1,0,1,1,1,1,0,1,0,0,0,1,1,0]
obj1: 0.64
obj2: 0.65
obj3: 0.41
--------------
solution: [1,0,0,0,1,0,0,0,0,1,0,1,0,1,0,0,1,1,0,1,1,0,1,1,1,0,1,0,0,0]
obj1: 0.76
obj2: 0.58
obj3: 0.35
--------------
solution: [0,1,1,0,0,0,0,0,1,1,0,0,0,1,1,0,1,0,0,0,0,0,1,1,0,0,0,1,1,0]
obj1: 0.71
obj2: 0.57
obj3: 0.44
--------------
solution: [1,1,0,0,1,1,0,0,1,0,1,0,0,0,1,0,1,1,1,1,0,0,1,1,0,0,0,1,1,0]
obj1: 0.7
obj2: 0.6
obj3: 0.44
--------------
solution: [0,1,1,1,0,0,0,0,0,0,0,1,0,0,0,1,0,1,0,1,1,0,0,0,0,0,0,1,1,0]
obj1: 0.65
obj2: 0.61
obj3: 0.39
--------------
solution: [0,1,0,0,0,0,0,0,1,0,0,1,0,0,0,1,0,1,0,1,1,0,0,0,0,0,0,1,1,0]
obj1: 0.61
obj2: 0.64
obj3: 0.44
--------------
solution: [0,0,1,1,0,0,0,0,1,0,0,1,1,0,1,0,0,0,0,1,1,1,0,1,0,0,0,1,1,0]
obj1: 0.61
obj2: 0.66
obj3: 0.42
--------------
solution: [0,1,1,0,0,0,0,0,1,0,0,1,0,0,0,1,0,0,1,0,0,0,1,1,0,0,0,0,1,0]
obj1: 0.66
obj2: 0.56
obj3: 0.45
--------------
solution: [1,1,1,0,0,0,0,0,0,0,0,0,1,1,0,0,1,1,1,0,1,1,0,1,0,0,0,1,0,0]
obj1: 0.67
obj2: 0.62
obj3: 0.34
--------------
solution: [1,0,0,0,1,0,0,0,0,1,0,1,0,1,0,0,1,1,0,0,1,0,1,1,1,0,1,0,0,0]
obj1: 0.79
obj2: 0.57
obj3: 0.38
--------------
solution: [1,0,0,1,0,0,0,0,0,1,0,0,0,0,0,0,1,1,1,1,1,0,1,1,1,0,1,0,0,0]
obj1: 0.79
obj2: 0.59
obj3: 0.3
--------------
solution: [1,1,1,1,1,0,0,0,0,0,1,0,0,1,0,0,1,0,1,1,1,1,0,0,0,0,1,0,1,0]
obj1: 0.75
obj2: 0.62
obj3: 0.33
--------------
solution: [0,0,1,0,0,0,0,0,0,1,0,1,0,1,0,0,1,0,0,0,0,0,1,1,0,0,0,1,1,0]
obj1: 0.72
obj2: 0.53
obj3: 0.44
--------------
solution: [1,1,0,0,0,0,0,0,0,0,0,1,0,0,0,0,1,1,1,1,1,0,1,1,1,0,1,0,0,0]
obj1: 0.71
obj2: 0.6
obj3: 0.35
--------------
