solution: [0,1,1,1,0,1,1,0,1,1,1,0,0,0,1,1,0,1,1,0,1,1,0,1,0,1,0,1,1,0]
obj1: 0.49
obj2: 0.24
obj3: 0.75
--------------
solution: [0,0,0,1,0,1,1,0,1,0,0,0,1,0,1,0,0,1,0,1,1,1,1,0,1,0,1,1,1,0]
obj1: 0.48
obj2: 0.32
obj3: 0.77
--------------
solution: [1,0,1,0,1,1,1,0,1,1,0,1,1,0,1,1,0,0,1,1,0,0,1,0,0,0,0,1,0,1]
obj1: 0.54
obj2: 0.31
obj3: 0.69
--------------
solution: [0,0,1,0,0,0,0,1,1,1,0,1,1,1,1,0,1,0,0,1,1,1,1,1,0,0,0,0,1,0]
obj1: 0.54
obj2: 0.27
obj3: 0.71
--------------
solution: [1,1,1,0,1,0,0,1,1,1,1,0,0,1,0,1,0,0,0,0,0,0,0,0,0,0,0,0,1,0]
obj1: 0.67
obj2: 0.17
obj3: 0.84
--------------
solution: [0,1,1,1,0,1,1,1,1,0,1,0,1,1,1,0,1,0,1,1,0,0,1,0,0,1,1,0,1,1]
obj1: 0.55
obj2: 0.24
obj3: 0.72
--------------
solution: [0,1,1,1,1,1,0,0,1,0,0,1,1,1,1,1,1,0,1,0,1,0,1,1,1,1,0,0,1,1]
obj1: 0.52
obj2: 0.23
obj3: 0.75
--------------
solution: [1,1,1,0,1,0,0,1,1,1,1,0,0,1,0,1,0,0,0,0,0,0,0,0,0,0,1,1,1,0]
obj1: 0.63
obj2: 0.19
obj3: 0.8
--------------
solution: [1,1,1,0,1,0,0,1,1,1,1,0,0,0,1,0,0,1,1,0,0,1,0,0,0,0,0,0,1,0]
obj1: 0.63
obj2: 0.21
obj3: 0.76
--------------
solution: [1,1,1,0,0,0,0,0,1,1,1,1,1,0,0,1,0,1,1,1,0,1,0,0,0,1,1,1,0,0]
obj1: 0.49
obj2: 0.27
obj3: 0.74
--------------
solution: [0,1,1,1,0,1,1,0,1,1,1,0,0,0,1,1,1,1,1,0,1,1,0,1,0,1,0,1,1,0]
obj1: 0.51
obj2: 0.23
obj3: 0.76
--------------
solution: [0,0,1,1,0,0,0,1,0,0,1,0,1,1,0,1,1,1,1,1,0,0,0,1,0,0,0,0,1,1]
obj1: 0.62
obj2: 0.19
obj3: 0.85
--------------
solution: [0,0,1,1,1,1,0,1,1,0,0,1,1,1,1,1,1,0,1,0,1,0,0,1,0,0,0,1,1,1]
obj1: 0.5
obj2: 0.25
obj3: 0.73
--------------
solution: [0,1,0,1,0,0,1,0,0,0,0,0,1,1,0,1,1,0,0,1,1,0,1,1,1,0,1,0,0,0]
obj1: 0.55
obj2: 0.2
obj3: 0.9
--------------
solution: [1,1,1,1,1,1,0,0,0,0,1,0,0,0,1,1,1,0,1,1,0,1,1,0,1,1,1,1,0,1]
obj1: 0.58
obj2: 0.21
obj3: 0.77
--------------
solution: [1,1,1,1,1,1,0,1,1,1,0,1,1,0,1,0,0,1,0,1,1,1,1,0,0,1,1,1,0,1]
obj1: 0.52
obj2: 0.3
obj3: 0.72
--------------
solution: [0,1,1,1,1,1,0,0,1,0,0,0,0,1,0,1,1,0,1,0,1,0,1,0,1,1,0,0,1,1]
obj1: 0.57
obj2: 0.2
obj3: 0.79
--------------
solution: [0,1,0,1,0,0,1,0,0,1,0,1,1,1,1,1,0,1,1,1,1,0,0,0,0,1,1,1,1,0]
obj1: 0.47
obj2: 0.26
obj3: 0.84
--------------
solution: [0,1,1,1,1,1,0,0,1,0,0,1,1,1,1,0,1,0,1,0,1,0,1,1,1,1,0,0,1,1]
obj1: 0.52
obj2: 0.24
obj3: 0.74
--------------
solution: [1,0,1,0,1,1,1,0,1,1,1,0,0,1,1,1,0,0,1,1,0,0,1,0,0,0,0,1,0,1]
obj1: 0.61
obj2: 0.26
obj3: 0.69
--------------
solution: [1,1,1,0,0,0,1,0,0,0,1,0,0,1,0,1,0,0,0,0,0,0,0,0,0,0,0,0,1,0]
obj1: 0.65
obj2: 0.18
obj3: 0.82
--------------
