solution: [0,1,1,0,1,1,0,0,1,1,0,0,1,0,0,1,0,1,1,0,1,0,0,1,0,1,0,0,1,0]
obj1: 0.74
obj2: 0.59
obj3: 0.28
--------------
solution: [1,1,1,0,0,1,0,1,1,0,1,0,0,1,1,1,0,1,1,0,0,0,0,1,1,1,0,0,1,1]
obj1: 0.78
obj2: 0.57
obj3: 0.3
--------------
solution: [0,0,1,1,0,1,1,1,0,0,1,0,1,1,0,1,1,1,0,1,0,1,1,1,0,0,0,1,1,0]
obj1: 0.71
obj2: 0.61
obj3: 0.27
--------------
solution: [0,1,0,0,1,1,0,0,1,0,1,0,1,0,0,0,1,1,1,1,1,1,1,0,1,0,0,1,1,0]
obj1: 0.74
obj2: 0.64
obj3: 0.22
--------------
solution: [0,0,1,1,1,1,0,0,1,0,1,0,0,1,1,0,0,0,0,1,0,0,0,1,0,0,1,0,0,0]
obj1: 0.7
obj2: 0.6
obj3: 0.36
--------------
solution: [1,1,1,0,0,1,0,1,1,1,1,0,0,1,1,1,0,1,1,0,0,0,0,1,1,1,0,0,1,1]
obj1: 0.78
obj2: 0.57
obj3: 0.3
--------------
solution: [0,0,1,1,1,1,0,0,1,0,1,0,0,1,1,0,0,0,0,1,0,0,0,1,0,1,1,0,0,0]
obj1: 0.7
obj2: 0.6
obj3: 0.36
--------------
solution: [0,1,0,0,0,1,0,1,1,0,1,0,0,1,1,1,0,1,1,0,0,0,0,1,0,0,1,1,1,1]
obj1: 0.76
obj2: 0.6
obj3: 0.25
--------------
solution: [0,0,0,0,1,0,0,1,1,0,1,0,1,0,0,0,1,1,0,0,0,0,1,1,0,1,1,0,1,0]
obj1: 0.79
obj2: 0.59
obj3: 0.25
--------------
solution: [0,0,1,1,0,1,1,1,0,0,1,0,1,1,0,1,1,1,1,0,1,0,0,0,0,0,0,1,1,0]
obj1: 0.73
obj2: 0.62
obj3: 0.25
--------------
solution: [0,1,1,0,0,1,1,1,0,1,1,0,1,0,0,0,0,0,1,0,1,1,1,1,0,1,1,0,1,0]
obj1: 0.73
obj2: 0.6
obj3: 0.32
--------------
