solution: [0,1,1,1,0,0,0,0,0,0,1,0,1,1,0,0,0,0,0,1,1,0,0,0,0,0,0,1,0,1]
obj1: 0.63
obj2: 0.59
obj3: 0.32
--------------
solution: [1,1,0,1,1,0,0,0,0,1,0,0,1,1,0,0,1,1,0,0,1,0,1,1,1,0,1,1,1,0]
obj1: 0.74
obj2: 0.55
obj3: 0.23
--------------
solution: [0,1,1,1,0,1,0,0,0,1,0,0,1,1,0,0,0,0,1,1,1,0,0,0,0,0,0,1,0,1]
obj1: 0.62
obj2: 0.61
obj3: 0.38
--------------
solution: [0,0,1,1,0,0,0,0,0,0,1,0,1,1,0,0,0,1,1,0,0,0,1,1,0,1,0,0,1,1]
obj1: 0.77
obj2: 0.47
obj3: 0.36
--------------
solution: [0,0,1,1,0,0,0,0,0,0,1,0,1,1,0,0,1,0,0,1,0,0,1,1,0,0,1,0,0,1]
obj1: 0.72
obj2: 0.5
obj3: 0.33
--------------
solution: [1,1,0,1,1,0,0,0,0,0,1,0,1,1,0,0,0,0,0,1,1,0,1,0,0,0,0,1,0,0]
obj1: 0.65
obj2: 0.55
obj3: 0.25
--------------
solution: [0,1,0,1,1,0,0,0,0,1,0,0,1,1,0,0,1,1,0,0,1,0,1,1,0,1,0,1,1,0]
obj1: 0.73
obj2: 0.52
obj3: 0.28
--------------
solution: [0,1,0,1,1,0,0,0,0,1,0,1,0,1,1,0,0,1,1,0,0,0,1,1,0,1,0,0,1,1]
obj1: 0.77
obj2: 0.53
obj3: 0.27
--------------
solution: [0,0,0,1,1,0,0,0,1,1,1,0,1,1,0,0,1,1,0,0,1,0,1,1,0,0,0,0,0,1]
obj1: 0.76
obj2: 0.49
obj3: 0.29
--------------
solution: [1,1,0,1,1,0,0,0,0,0,0,0,1,1,0,0,1,1,0,0,1,0,1,1,1,0,1,1,1,0]
obj1: 0.73
obj2: 0.56
obj3: 0.23
--------------
