solution: [0,1,0,0,0,0,0,0,0,1,0,1,1,0,0,0,1,0,1,0,0,0,0,1,0,1,1,1,0,0]
obj1: 0.7
obj2: 0.75
obj3: 0.29
--------------
solution: [1,1,0,0,0,1,0,0,1,0,0,1,1,1,0,0,0,0,1,1,0,0,1,0,1,0,0,1,0,1]
obj1: 0.65
obj2: 0.71
obj3: 0.31
--------------
solution: [1,0,1,0,0,0,0,1,0,1,1,0,1,1,0,1,1,0,1,1,0,1,0,1,0,1,1,1,0,1]
obj1: 0.75
obj2: 0.68
obj3: 0.24
--------------
solution: [0,1,0,0,0,1,0,0,1,0,0,1,0,1,0,0,0,0,1,1,0,0,0,0,1,0,0,0,1,1]
obj1: 0.64
obj2: 0.69
obj3: 0.32
--------------
solution: [1,0,1,1,1,0,0,1,0,1,1,0,0,0,0,0,1,1,0,1,1,0,0,1,1,0,0,0,1,1]
obj1: 0.83
obj2: 0.64
obj3: 0.22
--------------
solution: [0,0,0,1,0,1,1,0,0,0,1,0,0,0,0,0,0,0,1,1,1,0,0,1,1,1,1,0,1,1]
obj1: 0.76
obj2: 0.69
obj3: 0.22
--------------
solution: [1,1,0,0,0,1,0,0,1,0,0,1,1,1,0,0,1,0,1,1,0,0,1,0,1,0,0,1,1,1]
obj1: 0.68
obj2: 0.7
obj3: 0.3
--------------
solution: [1,1,0,0,1,0,0,0,0,1,1,1,0,1,0,1,1,0,1,0,1,0,0,1,1,0,1,1,1,1]
obj1: 0.8
obj2: 0.68
obj3: 0.19
--------------
solution: [1,0,1,1,0,1,0,0,1,0,0,0,1,1,0,1,1,0,0,1,1,0,1,0,0,0,1,0,1,1]
obj1: 0.73
obj2: 0.68
obj3: 0.28
--------------
solution: [1,1,1,0,0,0,0,1,0,1,1,0,1,1,0,0,1,0,0,0,0,0,0,1,1,0,0,1,0,1]
obj1: 0.77
obj2: 0.65
obj3: 0.2
--------------
solution: [1,1,1,1,0,0,0,1,1,1,1,1,1,1,0,0,1,0,1,0,0,0,0,1,0,0,1,1,0,1]
obj1: 0.72
obj2: 0.69
obj3: 0.25
--------------
