solution: [1,1,1,1,0,0,0,0,0,1,1,0,0,1,0,1,0,1,1,1,0,0,0,0,1,0,0,1,0,0]
obj1: 0.72
obj2: 0.56
obj3: 0.32
--------------
solution: [1,1,0,0,1,0,0,0,0,1,0,0,1,1,0,0,1,1,0,0,1,0,1,1,1,1,1,1,1,1]
obj1: 0.76
obj2: 0.56
obj3: 0.24
--------------
solution: [0,1,0,1,1,0,1,0,0,1,0,1,0,1,1,0,1,0,0,1,0,0,1,1,0,0,1,0,0,0]
obj1: 0.71
obj2: 0.58
obj3: 0.3
--------------
solution: [0,1,1,1,0,0,0,0,0,0,1,0,1,1,0,0,0,0,0,1,1,0,0,0,0,0,0,1,0,1]
obj1: 0.63
obj2: 0.59
obj3: 0.32
--------------
solution: [1,1,0,1,0,1,1,0,0,0,1,0,0,0,1,0,0,1,1,1,1,1,1,1,0,1,0,0,1,0]
obj1: 0.73
obj2: 0.58
obj3: 0.27
--------------
