solution: [1,1,0,0,0,0,0,0,1,1,0,0,0,1,1,0,1,0,1,0,1,0,0,1,0,0,0,0,1,1]
obj1: 0.72
obj2: 0.55
obj3: 0.4
--------------
solution: [1,0,0,0,0,0,0,0,0,1,0,1,1,1,1,1,0,0,1,0,1,1,0,1,1,0,0,0,0,0]
obj1: 0.66
obj2: 0.61
obj3: 0.35
--------------
solution: [0,0,1,0,1,0,0,0,1,0,0,1,1,0,1,1,0,1,1,0,1,0,1,1,0,0,0,0,0,1]
obj1: 0.69
obj2: 0.59
obj3: 0.35
--------------
solution: [0,1,1,0,1,0,0,0,0,1,1,1,1,0,0,1,1,0,1,0,1,1,1,0,1,0,1,0,0,0]
obj1: 0.72
obj2: 0.64
obj3: 0.3
--------------
solution: [0,0,1,1,0,0,1,0,0,0,0,1,1,1,0,0,0,0,1,0,1,1,1,1,0,0,0,0,0,0]
obj1: 0.61
obj2: 0.59
obj3: 0.45
--------------
solution: [0,1,0,0,0,0,1,1,0,0,0,1,1,1,0,1,0,0,0,1,1,1,0,0,0,1,1,1,0,1]
obj1: 0.64
obj2: 0.65
obj3: 0.38
--------------
solution: [0,0,0,1,0,0,1,0,1,0,0,0,1,1,0,0,1,0,1,0,1,0,0,0,0,1,0,0,1,1]
obj1: 0.72
obj2: 0.56
obj3: 0.31
--------------
solution: [1,1,0,1,1,1,1,0,1,0,1,0,1,0,1,0,1,1,0,1,0,1,0,1,1,0,1,0,0,1]
obj1: 0.71
obj2: 0.61
obj3: 0.33
--------------
