solution: [0,0,1,1,0,0,1,0,0,0,0,1,1,1,0,0,0,0,1,0,1,1,1,1,0,0,0,0,0,0]
obj1: 0.61
obj2: 0.59
obj3: 0.45
--------------
solution: [0,0,0,1,0,0,0,0,0,0,1,1,1,1,0,1,1,0,1,0,1,1,1,1,1,0,1,0,0,1]
obj1: 0.69
obj2: 0.58
obj3: 0.27
--------------
solution: [0,1,0,0,0,0,0,0,0,0,0,1,1,1,0,0,0,0,1,0,1,1,1,1,0,1,1,0,1,1]
obj1: 0.63
obj2: 0.58
obj3: 0.28
--------------
solution: [1,0,1,0,0,0,0,0,0,1,0,0,0,1,0,0,0,0,0,0,1,1,1,1,0,1,1,0,1,1]
obj1: 0.78
obj2: 0.53
obj3: 0.42
--------------
solution: [0,0,0,1,0,0,0,0,0,0,0,1,1,1,0,1,0,0,0,1,1,1,1,1,1,0,1,0,0,1]
obj1: 0.64
obj2: 0.6
obj3: 0.27
--------------
solution: [0,1,1,1,0,1,1,0,1,1,0,1,1,1,0,1,0,0,0,1,1,1,0,0,0,0,0,0,0,0]
obj1: 0.59
obj2: 0.65
obj3: 0.44
--------------
solution: [0,0,0,1,0,0,0,0,0,0,0,1,1,1,0,0,1,1,1,0,1,0,0,1,0,0,0,0,1,1]
obj1: 0.64
obj2: 0.55
obj3: 0.33
--------------
solution: [0,0,0,1,0,0,0,0,0,0,1,1,1,1,0,0,1,1,1,0,0,0,0,1,1,1,1,0,0,1]
obj1: 0.69
obj2: 0.56
obj3: 0.3
--------------
solution: [0,0,1,1,0,0,1,1,0,0,0,1,1,1,0,0,0,0,1,0,1,1,0,1,0,0,0,1,0,0]
obj1: 0.6
obj2: 0.63
obj3: 0.48
--------------
