solution: [0,0,0,1,1,0,0,0,0,1,0,0,1,0,0,1,1,1,0,0,0,0,0,0,0,1,1,0,1,1]
obj1: 0.71
obj2: 0.28
obj3: 0.84
--------------
solution: [0,0,0,1,1,0,0,0,0,0,0,1,0,1,0,1,0,0,1,0,0,0,0,1,0,1,1,0,0,0]
obj1: 0.6
obj2: 0.37
obj3: 0.51
--------------
solution: [0,1,1,0,0,1,0,0,1,0,1,1,1,0,0,1,0,1,1,0,0,1,0,1,0,0,1,1,1,0]
obj1: 0.54
obj2: 0.4
obj3: 0.64
--------------
solution: [0,1,1,1,0,0,0,0,0,1,1,1,0,1,0,1,1,0,0,0,0,1,0,1,0,1,1,0,1,0]
obj1: 0.62
obj2: 0.34
obj3: 0.66
--------------
solution: [0,1,1,1,0,1,0,1,0,1,0,1,0,1,0,1,0,0,1,1,1,0,0,1,0,1,0,0,0,1]
obj1: 0.56
obj2: 0.37
obj3: 0.71
--------------
solution: [1,0,1,1,0,1,0,0,1,1,0,1,0,1,0,1,1,1,1,0,1,0,0,1,1,0,0,0,1,0]
obj1: 0.62
obj2: 0.35
obj3: 0.58
--------------
solution: [0,1,0,0,1,1,1,0,1,0,1,1,1,0,1,1,0,0,0,1,1,0,0,0,1,0,0,1,0,0]
obj1: 0.53
obj2: 0.46
obj3: 0.58
--------------
solution: [1,0,1,1,1,1,0,1,1,0,0,0,0,0,0,1,1,0,1,0,0,0,1,0,1,0,0,1,0,1]
obj1: 0.68
obj2: 0.33
obj3: 0.65
--------------
solution: [1,0,1,0,0,0,1,0,0,0,0,0,0,1,0,1,1,1,0,1,0,1,1,1,1,0,1,0,0,1]
obj1: 0.7
obj2: 0.29
obj3: 0.83
--------------
solution: [0,1,0,0,1,1,1,0,1,0,1,1,1,0,1,1,0,0,0,0,0,0,0,0,1,0,0,1,0,0]
obj1: 0.54
obj2: 0.45
obj3: 0.58
--------------
solution: [0,0,1,1,0,1,0,1,0,1,0,1,1,0,1,1,0,0,1,1,1,0,0,1,0,1,0,0,0,0]
obj1: 0.56
obj2: 0.42
obj3: 0.54
--------------
solution: [0,1,1,0,1,0,0,0,0,1,0,0,0,1,0,1,0,0,0,0,1,0,1,0,0,0,1,0,1,1]
obj1: 0.7
obj2: 0.3
obj3: 0.81
--------------
solution: [0,1,1,0,1,0,1,0,1,0,0,1,1,0,0,0,0,1,1,1,1,0,0,1,1,0,1,0,0,1]
obj1: 0.58
obj2: 0.39
obj3: 0.52
--------------
solution: [0,0,0,0,1,0,0,0,1,0,1,0,0,1,0,1,0,0,0,0,0,0,0,1,0,1,1,0,0,0]
obj1: 0.68
obj2: 0.35
obj3: 0.48
--------------
