solution: [0,0,0,1,1,0,0,0,1,0,1,1,1,0,1,0,0,0,1,1,1,0,1,0,0,1,1,1,1,0]
obj1: 0.5
obj2: 0.45
obj3: 0.77
--------------
solution: [0,1,0,1,0,0,1,1,0,0,0,1,1,0,0,1,1,1,1,0,1,0,0,0,0,1,0,0,0,0]
obj1: 0.55
obj2: 0.42
obj3: 0.75
--------------
solution: [0,1,1,0,1,1,1,1,1,0,1,0,0,0,1,0,0,1,0,0,1,1,0,0,0,0,0,1,0,0]
obj1: 0.58
obj2: 0.51
obj3: 0.58
--------------
solution: [0,1,1,1,1,1,0,1,1,1,0,1,1,0,0,1,1,1,1,0,1,0,1,1,0,1,1,0,1,0]
obj1: 0.58
obj2: 0.37
obj3: 0.68
--------------
solution: [0,0,1,1,1,0,0,0,0,1,0,0,1,1,0,1,1,1,0,1,1,0,0,0,1,1,0,1,0,1]
obj1: 0.61
obj2: 0.4
obj3: 0.6
--------------
solution: [0,0,0,1,1,0,0,0,1,0,1,1,1,0,1,0,1,0,1,0,0,1,1,0,0,1,1,1,1,0]
obj1: 0.53
obj2: 0.43
obj3: 0.66
--------------
solution: [0,0,1,1,1,0,0,0,0,1,0,0,1,1,0,1,0,1,0,1,1,0,0,0,1,1,0,1,0,1]
obj1: 0.6
obj2: 0.43
obj3: 0.59
--------------
solution: [0,0,0,1,1,0,0,1,1,1,0,0,1,1,0,1,0,0,1,1,1,0,1,0,0,0,1,1,1,0]
obj1: 0.56
obj2: 0.4
obj3: 0.69
--------------
solution: [1,0,0,1,1,0,0,1,1,1,1,0,1,1,0,1,1,1,0,1,1,0,1,1,0,1,1,0,1,1]
obj1: 0.66
obj2: 0.34
obj3: 0.68
--------------
solution: [0,1,1,0,1,1,1,1,1,0,0,1,1,0,0,1,1,1,1,0,1,0,0,0,0,0,0,1,0,0]
obj1: 0.53
obj2: 0.45
obj3: 0.63
--------------
solution: [0,1,0,1,0,0,0,1,0,0,0,1,1,0,0,1,1,1,1,0,1,0,1,1,0,1,1,0,0,0]
obj1: 0.57
obj2: 0.36
obj3: 0.81
--------------
solution: [0,1,1,1,1,1,0,1,1,0,0,1,0,1,1,0,1,1,1,0,1,0,0,1,0,1,1,0,1,0]
obj1: 0.56
obj2: 0.41
obj3: 0.61
--------------
solution: [0,1,1,1,0,0,0,1,0,0,0,1,1,1,1,0,1,0,0,0,1,1,0,0,1,1,0,1,0,1]
obj1: 0.53
obj2: 0.5
obj3: 0.61
--------------
solution: [1,0,1,1,1,0,0,1,1,0,1,0,1,1,0,1,1,1,0,1,1,0,1,1,0,1,1,0,1,1]
obj1: 0.66
obj2: 0.35
obj3: 0.6
--------------
solution: [1,0,1,1,1,1,0,1,1,1,0,1,0,0,0,1,1,1,1,1,1,0,1,1,0,1,1,0,0,0]
obj1: 0.61
obj2: 0.37
obj3: 0.64
--------------
solution: [0,0,0,1,1,0,0,0,1,0,1,1,1,1,1,1,0,1,0,1,0,1,0,0,0,0,1,1,1,0]
obj1: 0.51
obj2: 0.46
obj3: 0.62
--------------
solution: [1,0,1,0,1,0,1,1,1,0,0,1,1,0,1,0,0,1,0,0,1,1,0,0,0,0,1,1,1,1]
obj1: 0.6
obj2: 0.54
obj3: 0.57
--------------
solution: [0,1,0,1,0,1,0,1,0,0,0,1,1,0,0,1,1,1,1,0,1,0,1,1,0,1,1,0,0,0]
obj1: 0.55
obj2: 0.38
obj3: 0.78
--------------
solution: [0,1,0,1,1,0,0,1,1,1,1,0,1,1,1,1,1,0,1,1,1,1,0,0,0,0,1,0,1,1]
obj1: 0.58
obj2: 0.39
obj3: 0.62
--------------
solution: [1,1,1,1,0,1,0,0,0,0,0,1,1,0,1,0,0,0,1,1,1,0,1,0,0,0,0,1,0,1]
obj1: 0.48
obj2: 0.5
obj3: 0.62
--------------
solution: [1,0,0,1,1,0,0,0,1,1,1,1,1,1,0,1,1,1,0,1,1,0,1,1,0,1,1,0,1,0]
obj1: 0.61
obj2: 0.35
obj3: 0.66
--------------
solution: [0,1,0,1,0,0,0,1,0,0,1,0,1,1,0,0,1,1,0,1,1,0,1,1,0,1,1,0,0,0]
obj1: 0.59
obj2: 0.35
obj3: 0.75
--------------
solution: [1,0,0,1,1,0,0,0,1,0,1,1,1,0,0,1,1,1,1,1,1,0,1,1,0,1,1,0,1,1]
obj1: 0.61
obj2: 0.36
obj3: 0.65
--------------
solution: [0,1,1,0,1,1,1,1,1,0,1,0,0,0,1,0,0,1,0,0,1,1,0,0,0,0,1,1,0,0]
obj1: 0.58
obj2: 0.51
obj3: 0.58
--------------
solution: [0,0,0,1,1,0,0,0,1,0,1,1,1,0,1,0,0,0,1,1,1,0,1,1,0,1,1,1,1,0]
obj1: 0.52
obj2: 0.43
obj3: 0.76
--------------
solution: [0,1,1,1,0,1,0,1,1,0,1,0,1,1,0,1,0,1,0,1,1,0,1,1,0,1,0,1,0,1]
obj1: 0.56
obj2: 0.42
obj3: 0.6
--------------
solution: [0,0,1,1,1,0,0,1,0,0,1,0,1,1,0,1,0,0,1,1,1,0,1,1,0,1,1,1,1,0]
obj1: 0.6
obj2: 0.38
obj3: 0.64
--------------
solution: [1,0,1,1,1,1,0,1,1,0,1,0,0,0,1,1,1,1,1,1,1,0,1,0,0,1,1,0,0,0]
obj1: 0.64
obj2: 0.38
obj3: 0.57
--------------
