solution: [0,0,1,0,1,1,1,1,0,0,0,0,0,1,0,1,1,1,0,0,0,0,1,1,0,0,0,1,1,1]
obj1: 0.77
obj2: 0.49
obj3: 0.37
--------------
solution: [1,1,0,1,0,1,0,0,1,1,1,0,0,1,0,1,0,0,1,0,0,1,0,0,0,0,0,0,0,1]
obj1: 0.64
obj2: 0.55
obj3: 0.43
--------------
solution: [1,1,1,1,1,1,1,1,1,1,1,0,0,0,1,1,1,0,1,0,1,1,1,1,0,1,0,0,1,0]
obj1: 0.71
obj2: 0.51
obj3: 0.35
--------------
solution: [0,1,1,1,0,0,0,0,1,1,1,0,1,1,0,1,0,1,1,0,1,0,1,1,0,0,0,0,1,0]
obj1: 0.67
obj2: 0.49
obj3: 0.38
--------------
solution: [1,1,0,1,1,1,0,0,0,1,1,0,1,1,0,1,1,1,1,0,1,1,0,0,0,1,1,1,0,1]
obj1: 0.68
obj2: 0.53
obj3: 0.35
--------------
solution: [1,1,0,0,1,1,1,1,1,1,1,0,1,0,1,1,1,0,1,0,1,1,1,0,1,0,0,0,0,0]
obj1: 0.67
obj2: 0.55
obj3: 0.35
--------------
solution: [0,1,1,1,0,0,0,0,1,1,1,1,1,1,1,1,0,1,1,0,0,0,1,1,0,0,0,0,1,0]
obj1: 0.65
obj2: 0.53
obj3: 0.42
--------------
solution: [1,1,0,0,1,1,1,0,1,0,0,1,0,0,0,0,1,0,0,1,0,1,0,0,1,0,0,0,0,0]
obj1: 0.6
obj2: 0.65
obj3: 0.52
--------------
solution: [1,1,1,0,0,0,1,0,0,1,1,0,1,0,1,0,0,0,1,1,0,1,0,1,0,0,0,0,0,1]
obj1: 0.66
obj2: 0.55
obj3: 0.41
--------------
solution: [0,0,0,1,1,0,0,0,1,0,1,1,1,0,0,1,0,0,1,0,0,1,0,1,0,1,1,1,0,0]
obj1: 0.61
obj2: 0.56
obj3: 0.45
--------------
solution: [0,1,1,0,1,0,1,1,0,0,1,0,0,0,1,1,1,0,0,1,0,0,1,0,1,1,0,0,0,1]
obj1: 0.79
obj2: 0.52
obj3: 0.32
--------------
solution: [0,1,1,1,0,0,0,0,1,0,1,1,1,0,0,1,0,1,1,0,0,0,0,1,0,0,0,1,1,1]
obj1: 0.63
obj2: 0.55
obj3: 0.46
--------------
