solution: [1,1,0,0,0,0,0,0,1,1,0,0,0,1,1,0,1,0,1,0,1,0,0,1,0,0,0,0,1,1]
obj1: 0.72
obj2: 0.55
obj3: 0.4
--------------
solution: [0,0,1,1,0,0,1,0,0,0,0,1,1,1,0,0,0,0,1,0,1,1,1,1,0,0,0,0,0,0]
obj1: 0.61
obj2: 0.59
obj3: 0.45
--------------
solution: [0,0,0,1,0,0,1,0,1,0,0,0,1,1,0,0,1,0,1,0,1,0,0,0,0,1,0,0,1,1]
obj1: 0.72
obj2: 0.56
obj3: 0.31
--------------
solution: [0,0,0,1,0,0,0,0,0,0,1,1,1,1,0,1,1,0,1,0,1,1,1,1,1,0,1,0,0,1]
obj1: 0.69
obj2: 0.58
obj3: 0.27
--------------
solution: [1,0,0,1,1,1,0,0,1,1,0,1,1,1,0,0,1,1,1,0,0,0,0,1,0,0,0,0,0,1]
obj1: 0.66
obj2: 0.57
obj3: 0.37
--------------
solution: [0,1,0,0,0,0,0,0,0,0,0,1,1,1,0,0,0,0,1,0,1,1,1,1,0,1,1,0,1,1]
obj1: 0.63
obj2: 0.58
obj3: 0.28
--------------
solution: [1,0,1,0,0,0,0,0,0,1,0,0,0,1,0,0,0,0,0,0,1,1,1,1,0,1,1,0,1,1]
obj1: 0.78
obj2: 0.53
obj3: 0.42
--------------
solution: [0,0,0,1,0,0,0,0,0,0,0,1,1,1,0,1,0,0,0,1,1,1,1,1,1,0,1,0,0,1]
obj1: 0.64
obj2: 0.6
obj3: 0.27
--------------
