solution: [1,0,1,1,1,0,0,0,0,1,1,0,1,1,1,1,1,1,0,1,0,1,1,0,1,1,0,1,1,1]
obj1: 0.7
obj2: 0.45
obj3: 0.42
--------------
solution: [0,0,0,1,1,1,0,0,0,0,0,0,1,0,1,0,0,0,1,0,1,1,0,1,0,0,1,1,0,0]
obj1: 0.55
obj2: 0.58
obj3: 0.58
--------------
solution: [0,0,0,0,0,0,1,0,0,0,0,0,1,0,0,0,0,0,1,0,1,0,0,1,0,0,0,0,1,1]
obj1: 0.65
obj2: 0.41
obj3: 0.63
--------------
solution: [1,1,1,0,1,1,1,0,1,1,0,0,1,1,1,1,1,1,0,1,0,0,0,1,0,0,0,1,1,1]
obj1: 0.64
obj2: 0.43
obj3: 0.44
--------------
solution: [0,1,1,1,0,1,1,1,0,1,1,0,1,0,0,1,1,1,0,0,1,1,1,1,0,1,0,1,1,1]
obj1: 0.67
obj2: 0.42
obj3: 0.49
--------------
solution: [1,1,1,0,0,0,0,1,0,1,1,0,1,0,0,1,1,1,0,0,0,0,0,1,0,0,0,1,1,1]
obj1: 0.7
obj2: 0.32
obj3: 0.77
--------------
solution: [1,0,1,1,1,0,0,0,0,1,1,0,1,1,0,0,0,0,1,0,1,0,0,1,1,0,0,0,0,1]
obj1: 0.68
obj2: 0.41
obj3: 0.61
--------------
solution: [1,1,0,0,0,1,0,0,0,0,0,0,1,0,0,0,0,0,1,0,1,0,0,1,0,0,1,1,1,1]
obj1: 0.6
obj2: 0.45
obj3: 0.61
--------------
solution: [0,0,1,1,0,1,0,1,0,1,1,0,0,0,1,0,1,0,1,0,1,0,0,1,0,0,0,0,1,1]
obj1: 0.7
obj2: 0.38
obj3: 0.59
--------------
solution: [0,1,1,0,0,1,1,0,0,0,0,0,1,0,0,0,0,0,1,0,0,0,0,1,0,0,0,0,1,1]
obj1: 0.6
obj2: 0.41
obj3: 0.67
--------------
solution: [0,0,0,0,1,1,0,1,0,0,0,0,0,0,0,1,0,0,1,0,1,0,0,1,0,1,0,0,1,1]
obj1: 0.73
obj2: 0.35
obj3: 0.64
--------------
solution: [0,0,0,0,1,1,0,1,0,1,1,0,1,0,0,1,1,0,1,0,1,1,0,1,0,1,0,0,1,1]
obj1: 0.67
obj2: 0.37
obj3: 0.62
--------------
solution: [0,1,1,1,0,1,1,0,1,1,0,0,1,1,1,1,1,0,1,1,0,1,0,1,0,0,0,1,0,1]
obj1: 0.56
obj2: 0.46
obj3: 0.48
--------------
solution: [0,0,0,0,1,1,0,1,1,0,0,0,0,0,0,1,0,0,1,0,1,0,0,1,0,1,0,0,1,1]
obj1: 0.71
obj2: 0.4
obj3: 0.42
--------------
solution: [0,1,0,1,0,1,1,0,1,1,1,0,0,0,0,0,0,0,1,0,1,1,0,1,0,0,0,0,1,1]
obj1: 0.63
obj2: 0.45
obj3: 0.5
--------------
solution: [1,1,1,0,0,0,1,0,0,0,0,1,1,1,1,1,1,0,1,1,0,1,0,0,0,0,1,1,0,1]
obj1: 0.58
obj2: 0.5
obj3: 0.47
--------------
