solution: [0,0,0,1,0,0,0,0,0,0,1,1,1,1,0,1,1,0,1,0,1,1,1,1,1,0,1,0,0,1]
obj1: 0.69
obj2: 0.58
obj3: 0.27
--------------
solution: [0,1,0,0,0,0,0,0,0,0,0,1,1,1,0,0,0,0,1,0,1,1,1,1,0,1,1,0,1,1]
obj1: 0.63
obj2: 0.58
obj3: 0.28
--------------
solution: [0,0,0,1,0,0,0,0,0,0,0,1,1,1,0,1,0,0,0,1,1,1,1,1,1,0,1,0,0,1]
obj1: 0.64
obj2: 0.6
obj3: 0.27
--------------
solution: [0,0,0,1,0,0,0,0,0,0,0,1,1,1,0,0,1,1,1,0,1,0,0,1,0,0,0,0,1,1]
obj1: 0.64
obj2: 0.55
obj3: 0.33
--------------
solution: [0,1,0,0,0,0,0,0,0,0,0,1,1,1,0,0,1,0,1,0,1,1,1,0,0,1,0,1,0,1]
obj1: 0.62
obj2: 0.61
obj3: 0.31
--------------
solution: [0,0,0,1,0,0,0,0,1,0,0,0,0,1,0,0,0,0,1,0,1,0,0,1,0,0,0,0,1,1]
obj1: 0.67
obj2: 0.51
obj3: 0.29
--------------
solution: [0,1,0,0,0,0,0,0,0,0,0,1,1,1,0,0,0,1,1,0,1,1,0,1,0,0,0,1,0,1]
obj1: 0.55
obj2: 0.59
obj3: 0.34
--------------
