solution: [0,1,0,0,1,1,0,0,0,0,0,1,0,0,0,1,0,1,0,1,1,0,0,0,0,0,1,1,0,0]
obj1: 0.62
obj2: 0.66
obj3: 0.45
--------------
solution: [0,1,0,0,0,0,0,0,1,0,0,1,0,0,1,0,0,1,1,0,0,1,1,1,0,0,0,0,1,0]
obj1: 0.64
obj2: 0.61
obj3: 0.44
--------------
solution: [1,1,1,0,0,0,1,0,0,1,0,0,1,1,0,0,1,1,1,0,1,1,0,1,0,0,0,1,0,0]
obj1: 0.7
obj2: 0.64
obj3: 0.35
--------------
solution: [1,0,0,1,0,0,0,0,0,0,0,1,0,0,0,0,1,1,1,1,1,0,1,1,1,0,1,0,0,0]
obj1: 0.74
obj2: 0.6
obj3: 0.34
--------------
solution: [0,1,1,1,1,1,0,0,0,0,1,0,0,0,1,0,1,1,1,1,0,0,1,1,0,0,0,1,1,0]
obj1: 0.71
obj2: 0.58
obj3: 0.4
--------------
solution: [0,1,0,0,0,0,0,0,1,0,0,1,0,0,0,1,0,1,0,1,1,0,0,0,0,0,1,1,1,0]
obj1: 0.63
obj2: 0.65
obj3: 0.44
--------------
solution: [0,0,1,1,0,0,0,0,1,0,0,1,1,0,0,0,1,0,1,1,1,1,0,1,0,0,0,1,1,0]
obj1: 0.64
obj2: 0.65
obj3: 0.41
--------------
solution: [1,0,0,0,1,0,0,0,0,1,0,1,0,1,0,0,1,1,0,1,1,0,1,1,1,0,1,0,0,0]
obj1: 0.76
obj2: 0.58
obj3: 0.35
--------------
solution: [0,1,1,0,0,0,0,0,1,1,0,0,0,1,1,0,1,0,0,0,0,0,1,1,0,0,0,1,1,0]
obj1: 0.71
obj2: 0.57
obj3: 0.44
--------------
solution: [1,1,0,0,1,1,0,0,1,0,1,0,0,0,1,0,1,1,1,1,0,0,1,1,0,0,0,1,1,0]
obj1: 0.7
obj2: 0.6
obj3: 0.44
--------------
solution: [0,1,1,0,0,0,0,0,0,1,0,0,0,1,1,0,1,0,0,0,0,0,1,1,0,0,0,1,1,0]
obj1: 0.73
obj2: 0.54
obj3: 0.45
--------------
solution: [0,1,1,1,0,0,0,0,0,0,0,1,0,0,0,1,0,1,0,1,1,0,0,0,0,0,0,1,1,0]
obj1: 0.65
obj2: 0.61
obj3: 0.39
--------------
solution: [0,1,0,1,1,0,0,0,0,0,0,1,1,1,0,1,1,1,1,0,0,1,1,1,1,0,1,0,0,1]
obj1: 0.73
obj2: 0.62
obj3: 0.36
--------------
