solution: [1,0,1,1,1,1,1,0,0,0,1,1,0,0,1,1,0,0,1,1,1,0,1,1,1,0,0,0,1,1]
obj1: 0.7
obj2: 0.47
obj3: 0.43
--------------
solution: [1,1,1,0,1,1,1,0,1,1,0,0,0,1,1,0,0,0,1,1,0,0,0,1,0,0,0,1,1,1]
obj1: 0.65
obj2: 0.47
obj3: 0.44
--------------
solution: [1,1,0,0,0,0,1,1,0,1,1,0,1,0,0,1,0,0,0,1,1,0,0,1,0,1,0,1,1,1]
obj1: 0.69
obj2: 0.41
obj3: 0.7
--------------
solution: [0,0,1,0,0,1,1,0,0,0,1,1,0,0,0,1,1,0,0,0,0,0,0,1,1,1,1,0,1,1]
obj1: 0.71
obj2: 0.43
obj3: 0.54
--------------
solution: [0,1,1,1,0,1,1,0,1,1,0,1,0,1,1,1,1,0,1,0,0,1,0,0,0,1,1,1,0,1]
obj1: 0.6
obj2: 0.51
obj3: 0.51
--------------
solution: [0,0,0,0,0,0,1,0,0,0,0,1,1,1,1,0,1,0,0,1,0,1,1,1,1,0,1,0,0,1]
obj1: 0.61
obj2: 0.5
obj3: 0.5
--------------
solution: [0,0,0,1,1,1,0,0,0,0,0,0,1,0,0,0,0,0,1,0,1,0,0,1,0,0,1,1,0,0]
obj1: 0.57
obj2: 0.54
obj3: 0.58
--------------
solution: [0,0,0,1,0,1,0,0,0,0,1,1,1,1,0,1,0,1,0,0,1,0,0,1,1,0,0,1,1,1]
obj1: 0.62
obj2: 0.46
obj3: 0.51
--------------
solution: [1,1,0,0,0,1,1,1,0,0,1,0,1,0,0,0,1,1,0,0,1,1,1,1,0,0,0,1,0,1]
obj1: 0.66
obj2: 0.44
obj3: 0.67
--------------
solution: [0,0,1,1,0,1,0,1,0,1,1,0,0,0,0,0,0,0,1,0,1,0,0,1,0,0,0,0,1,1]
obj1: 0.72
obj2: 0.37
obj3: 0.71
--------------
