solution: [0,0,0,1,1,0,0,0,0,0,0,1,0,1,0,1,0,0,1,0,0,0,0,1,0,1,1,0,0,0]
obj1: 0.6
obj2: 0.37
obj3: 0.51
--------------
solution: [0,1,0,0,1,1,1,0,1,0,1,1,1,0,1,1,0,0,0,1,1,0,0,0,1,0,0,1,0,0]
obj1: 0.53
obj2: 0.46
obj3: 0.58
--------------
solution: [0,1,0,0,1,1,1,0,1,0,1,1,1,0,1,1,0,0,0,0,0,0,0,0,1,0,0,1,0,0]
obj1: 0.54
obj2: 0.45
obj3: 0.58
--------------
solution: [0,1,1,0,1,0,1,0,1,0,0,1,1,0,0,0,0,1,1,1,1,0,0,1,1,0,1,0,0,1]
obj1: 0.58
obj2: 0.39
obj3: 0.52
--------------
solution: [0,0,0,0,1,0,0,0,1,0,1,0,0,1,0,1,0,0,0,0,0,0,0,1,0,1,1,0,0,0]
obj1: 0.68
obj2: 0.35
obj3: 0.48
--------------
solution: [0,1,1,0,1,0,0,0,0,1,0,0,0,1,0,1,0,0,0,0,0,0,1,0,0,0,1,0,1,1]
obj1: 0.72
obj2: 0.26
obj3: 0.86
--------------
solution: [0,1,1,0,1,0,0,1,0,0,1,0,1,0,1,1,1,0,0,1,0,1,1,0,1,1,0,1,1,0]
obj1: 0.66
obj2: 0.39
obj3: 0.49
--------------
solution: [0,0,1,1,1,0,0,0,0,1,0,0,1,0,0,1,1,1,0,1,1,0,0,0,1,0,0,1,1,1]
obj1: 0.66
obj2: 0.31
obj3: 0.54
--------------
solution: [1,0,1,0,1,0,0,0,1,0,1,0,0,1,0,1,0,0,0,0,0,0,0,1,0,1,0,0,0,0]
obj1: 0.7
obj2: 0.3
obj3: 0.64
--------------
solution: [1,1,1,0,0,1,0,1,1,1,1,0,0,1,0,1,1,1,0,1,0,1,1,1,1,0,0,0,0,0]
obj1: 0.65
obj2: 0.32
obj3: 0.68
--------------
solution: [0,1,1,1,1,1,1,1,1,0,0,1,0,1,0,0,0,1,0,1,1,0,0,0,0,1,1,1,0,0]
obj1: 0.54
obj2: 0.46
obj3: 0.55
--------------
solution: [0,1,0,0,1,1,1,0,1,0,1,1,1,0,1,1,0,0,0,1,1,0,0,0,0,1,0,1,0,0]
obj1: 0.52
obj2: 0.48
obj3: 0.58
--------------
solution: [1,1,1,0,1,0,0,0,0,0,1,0,0,1,0,1,1,0,0,1,1,1,1,0,0,1,0,1,1,0]
obj1: 0.65
obj2: 0.36
obj3: 0.52
--------------
solution: [0,1,1,0,1,0,1,0,1,0,0,1,1,0,1,1,0,0,1,1,1,0,0,0,1,0,0,0,0,1]
obj1: 0.56
obj2: 0.41
obj3: 0.46
--------------
solution: [0,1,1,1,0,0,0,0,0,1,1,1,0,1,0,1,1,0,0,0,0,1,0,1,0,1,1,0,0,0]
obj1: 0.59
obj2: 0.34
obj3: 0.66
--------------
solution: [0,1,1,1,0,1,0,1,0,1,0,0,1,0,0,1,1,0,1,1,1,0,0,1,0,1,0,0,0,1]
obj1: 0.58
obj2: 0.34
obj3: 0.71
--------------
solution: [0,0,0,0,1,0,0,0,0,1,0,0,1,1,0,1,0,0,0,0,0,0,0,1,0,1,1,0,0,0]
obj1: 0.64
obj2: 0.32
obj3: 0.8
--------------
solution: [0,1,0,0,1,1,1,0,0,0,0,0,0,1,0,1,1,0,1,1,0,0,0,0,1,0,0,1,0,0]
obj1: 0.56
obj2: 0.36
obj3: 0.64
--------------
solution: [0,1,0,0,0,1,1,0,1,0,1,1,1,0,1,1,0,0,0,1,1,1,0,0,0,1,1,0,0,0]
obj1: 0.51
obj2: 0.5
obj3: 0.56
--------------
solution: [0,0,1,0,1,0,0,0,0,1,0,0,0,1,0,1,0,0,0,0,0,0,1,0,0,0,0,0,1,0]
obj1: 0.76
obj2: 0.22
obj3: 0.83
--------------
solution: [1,0,1,0,0,0,0,0,1,0,0,0,1,0,0,1,1,1,0,1,0,1,1,1,1,0,1,0,0,1]
obj1: 0.65
obj2: 0.3
obj3: 0.73
--------------
solution: [0,0,1,1,1,0,0,0,0,1,0,1,0,1,0,1,0,1,0,0,1,0,0,0,1,0,0,1,1,1]
obj1: 0.65
obj2: 0.34
obj3: 0.63
--------------
solution: [0,1,0,0,1,1,1,0,0,0,0,1,0,1,0,1,1,0,1,1,1,0,0,1,0,1,0,0,0,0]
obj1: 0.54
obj2: 0.37
obj3: 0.63
--------------
solution: [0,1,0,0,1,1,1,0,0,0,1,0,1,0,0,0,0,0,0,0,0,0,0,0,0,0,0,1,0,0]
obj1: 0.53
obj2: 0.42
obj3: 0.77
--------------
solution: [0,0,1,1,0,1,0,0,0,1,0,0,0,0,0,1,1,0,0,0,0,0,0,1,0,1,0,0,0,0]
obj1: 0.62
obj2: 0.27
obj3: 0.82
--------------
solution: [1,1,1,0,0,1,0,0,1,0,0,0,1,0,1,0,1,0,0,1,0,1,1,1,1,0,0,0,0,0]
obj1: 0.56
obj2: 0.37
obj3: 0.57
--------------
solution: [0,0,0,1,1,0,0,0,0,0,0,1,0,1,0,1,0,0,0,0,0,0,0,1,0,1,1,0,0,0]
obj1: 0.59
obj2: 0.35
obj3: 0.54
--------------
