solution: [0,0,1,1,0,1,1,1,0,0,1,0,1,1,0,1,1,1,0,1,0,1,1,1,0,0,0,1,1,0]
obj1: 0.71
obj2: 0.61
obj3: 0.27
--------------
solution: [0,1,0,0,1,1,0,0,1,0,1,0,1,0,0,0,1,1,1,1,1,1,1,0,1,0,0,1,1,0]
obj1: 0.74
obj2: 0.64
obj3: 0.22
--------------
solution: [0,0,1,1,1,1,0,0,1,0,1,0,0,1,1,0,0,0,0,1,0,0,0,1,0,0,1,0,0,0]
obj1: 0.7
obj2: 0.6
obj3: 0.36
--------------
solution: [0,0,1,1,1,1,0,0,1,0,1,0,0,1,1,0,0,0,0,1,0,0,0,1,0,1,1,0,0,0]
obj1: 0.7
obj2: 0.6
obj3: 0.36
--------------
solution: [0,0,1,1,0,1,1,1,0,0,1,0,1,1,0,1,1,1,1,0,1,0,0,0,0,0,0,1,1,0]
obj1: 0.73
obj2: 0.62
obj3: 0.25
--------------
solution: [0,1,1,0,1,1,0,1,1,0,1,0,1,0,0,0,1,0,0,0,0,0,1,1,1,1,1,0,1,0]
obj1: 0.74
obj2: 0.58
obj3: 0.29
--------------
solution: [1,0,1,1,0,1,1,1,0,0,1,0,1,1,0,1,1,1,1,0,1,0,0,1,0,0,0,1,1,0]
obj1: 0.75
obj2: 0.59
obj3: 0.23
--------------
solution: [0,0,1,0,0,1,1,1,0,1,1,0,1,0,1,1,1,0,0,1,0,1,0,0,0,0,0,0,0,0]
obj1: 0.68
obj2: 0.66
obj3: 0.3
--------------
solution: [0,0,1,1,0,1,0,1,0,1,1,0,1,0,1,0,0,0,0,0,1,0,0,0,0,0,0,1,1,0]
obj1: 0.7
obj2: 0.63
obj3: 0.34
--------------
solution: [0,1,1,1,1,1,1,1,0,0,1,0,1,1,0,0,1,1,0,1,0,0,1,1,0,0,0,0,0,0]
obj1: 0.72
obj2: 0.59
obj3: 0.26
--------------
solution: [0,1,1,0,1,1,0,0,0,0,1,0,0,1,0,1,0,0,1,0,0,0,0,1,0,0,1,1,1,1]
obj1: 0.76
obj2: 0.54
obj3: 0.23
--------------
solution: [0,1,0,0,0,1,0,1,1,0,1,0,1,0,0,0,1,1,0,0,0,1,1,1,0,1,1,0,1,1]
obj1: 0.74
obj2: 0.6
obj3: 0.24
--------------
solution: [1,0,1,0,0,1,1,1,0,0,1,0,1,0,1,1,1,0,0,1,0,1,0,0,0,0,0,0,0,0]
obj1: 0.68
obj2: 0.66
obj3: 0.3
--------------
solution: [0,0,1,1,1,1,0,0,1,0,1,1,1,1,1,0,0,0,0,1,0,0,0,1,0,1,1,0,0,0]
obj1: 0.67
obj2: 0.64
obj3: 0.36
--------------
