solution: [0,0,1,0,1,1,1,1,0,0,0,0,0,1,0,1,1,1,0,0,0,0,1,1,0,0,0,1,1,1]
obj1: 0.77
obj2: 0.49
obj3: 0.37
--------------
solution: [1,1,1,1,0,1,1,0,0,0,1,1,1,1,1,1,1,1,0,1,1,0,0,1,1,1,1,1,0,0]
obj1: 0.66
obj2: 0.56
obj3: 0.42
--------------
solution: [1,1,0,1,0,1,0,0,1,1,1,0,0,1,0,1,0,0,1,0,0,1,0,0,0,0,0,0,0,1]
obj1: 0.64
obj2: 0.55
obj3: 0.43
--------------
solution: [1,1,1,1,1,1,1,1,1,1,1,0,0,0,1,1,1,0,1,0,1,1,1,1,0,1,0,0,1,0]
obj1: 0.71
obj2: 0.51
obj3: 0.35
--------------
solution: [0,0,0,1,1,0,1,0,1,0,1,0,1,0,1,0,1,0,1,0,0,1,0,1,0,1,1,0,0,0]
obj1: 0.66
obj2: 0.53
obj3: 0.44
--------------
solution: [1,1,0,0,1,1,1,0,1,0,0,1,0,0,0,0,1,0,0,1,0,1,1,0,1,0,0,0,0,0]
obj1: 0.62
obj2: 0.61
obj3: 0.5
--------------
solution: [0,1,1,1,0,0,0,0,1,1,1,0,1,1,0,1,0,1,1,0,1,0,1,1,0,0,0,0,1,0]
obj1: 0.67
obj2: 0.49
obj3: 0.38
--------------
solution: [1,1,0,1,1,1,0,0,0,1,1,0,1,1,0,1,1,1,1,0,1,1,0,0,0,1,1,1,0,1]
obj1: 0.68
obj2: 0.53
obj3: 0.35
--------------
