solution: [1,0,1,1,1,0,0,1,0,1,1,0,0,0,0,0,1,1,0,1,1,0,1,0,1,0,0,0,1,1]
obj1: 0.84
obj2: 0.64
obj3: 0.24
--------------
solution: [1,1,1,1,0,0,0,1,1,1,1,1,1,1,0,0,0,0,1,0,1,0,0,1,0,0,1,1,0,1]
obj1: 0.72
obj2: 0.7
obj3: 0.26
--------------
solution: [1,0,1,0,0,0,0,1,0,1,1,0,1,1,0,1,1,0,1,1,0,1,0,1,0,1,1,1,1,1]
obj1: 0.76
obj2: 0.68
obj3: 0.24
--------------
solution: [0,1,0,0,0,0,0,0,0,1,0,1,1,0,0,0,1,0,1,0,0,0,0,1,0,1,1,1,0,0]
obj1: 0.7
obj2: 0.75
obj3: 0.29
--------------
solution: [1,1,0,0,0,1,0,0,1,0,0,1,0,1,0,0,0,0,1,1,0,0,0,0,1,0,0,1,1,0]
obj1: 0.64
obj2: 0.73
obj3: 0.4
--------------
solution: [1,1,1,0,1,1,0,1,0,1,1,0,0,0,0,0,1,1,0,1,1,0,1,0,1,1,0,0,0,1]
obj1: 0.78
obj2: 0.65
obj3: 0.26
--------------
solution: [1,1,1,1,0,0,0,1,0,1,1,0,0,0,0,0,1,1,0,1,1,0,1,0,1,1,0,0,0,1]
obj1: 0.8
obj2: 0.66
obj3: 0.22
--------------
solution: [1,1,0,0,0,1,0,0,1,0,0,1,1,1,0,0,0,0,1,1,0,0,1,0,1,0,0,1,0,1]
obj1: 0.65
obj2: 0.71
obj3: 0.31
--------------
solution: [1,0,1,0,1,0,0,0,0,1,1,1,0,1,0,1,1,0,1,0,0,1,0,1,1,0,0,1,1,0]
obj1: 0.79
obj2: 0.67
obj3: 0.25
--------------
solution: [1,1,0,0,1,1,1,1,1,1,1,0,0,1,0,1,1,0,1,0,0,1,0,1,0,1,0,1,1,1]
obj1: 0.75
obj2: 0.69
obj3: 0.26
--------------
