solution: [0,1,1,1,1,1,0,0,1,0,1,1,0,1,0,0,0,1,0,1,0,0,1,1,0,0,0,0,0,1]
obj1: 0.56
obj2: 0.43
obj3: 0.66
--------------
solution: [1,1,1,1,1,1,1,0,0,1,1,1,1,1,1,0,1,0,1,1,0,0,1,1,1,0,0,0,0,0]
obj1: 0.57
obj2: 0.4
obj3: 0.73
--------------
solution: [1,1,0,0,0,0,0,1,1,1,0,0,0,1,1,1,0,1,1,0,0,0,1,1,0,0,1,0,0,1]
obj1: 0.67
obj2: 0.37
obj3: 0.57
--------------
solution: [0,1,1,0,1,1,1,0,0,1,0,1,1,1,0,1,1,0,1,0,1,0,0,1,1,1,1,1,1,0]
obj1: 0.55
obj2: 0.44
obj3: 0.64
--------------
solution: [1,1,0,1,0,1,1,1,1,0,1,1,0,0,0,1,1,1,1,1,1,1,0,1,1,0,0,0,0,0]
obj1: 0.59
obj2: 0.44
obj3: 0.56
--------------
solution: [1,1,0,0,0,1,0,1,0,1,1,1,0,1,0,1,1,0,1,0,1,1,1,1,0,0,1,0,0,1]
obj1: 0.6
obj2: 0.41
obj3: 0.55
--------------
solution: [0,1,1,0,0,0,0,1,1,1,0,0,1,0,0,0,1,1,1,1,1,1,0,0,1,0,1,0,0,0]
obj1: 0.59
obj2: 0.43
obj3: 0.64
--------------
solution: [0,1,1,1,1,0,1,1,0,0,1,1,0,0,1,1,0,1,1,0,0,1,1,1,1,1,0,1,1,0]
obj1: 0.61
obj2: 0.38
obj3: 0.64
--------------
solution: [1,0,1,1,1,1,0,1,1,0,1,0,1,1,1,1,1,0,1,0,0,1,1,1,0,0,1,0,0,0]
obj1: 0.58
obj2: 0.41
obj3: 0.7
--------------
solution: [1,0,0,0,0,0,0,0,1,1,0,1,1,1,1,1,0,0,1,0,0,0,0,1,0,1,1,1,0,0]
obj1: 0.52
obj2: 0.45
obj3: 0.6
--------------
solution: [0,0,1,1,0,1,1,1,0,0,1,0,1,1,0,1,1,0,1,1,0,1,1,0,1,1,1,1,1,0]
obj1: 0.6
obj2: 0.41
obj3: 0.55
--------------
