solution: [0,1,1,0,0,0,1,0,0,1,0,1,0,1,1,0,0,0,1,1,1,1,0,0,0,1,1,1,0,1]
obj1: 0.55
obj2: 0.35
obj3: 0.6
--------------
solution: [0,1,1,1,0,0,0,0,0,0,1,0,1,0,0,1,0,1,0,1,1,0,1,0,0,1,1,0,1,1]
obj1: 0.62
obj2: 0.31
obj3: 0.64
--------------
solution: [0,1,0,1,0,1,1,0,1,1,1,1,1,1,1,0,0,1,1,0,1,1,0,1,0,1,0,0,1,0]
obj1: 0.55
obj2: 0.42
obj3: 0.57
--------------
solution: [0,0,1,0,0,0,0,1,1,1,1,0,0,0,1,0,0,1,0,1,0,1,1,1,1,0,0,1,1,1]
obj1: 0.69
obj2: 0.36
obj3: 0.55
--------------
solution: [1,1,0,0,0,0,0,0,0,1,1,0,1,0,1,0,0,1,0,1,0,1,0,1,1,1,1,1,0,0]
obj1: 0.62
obj2: 0.34
obj3: 0.56
--------------
solution: [0,1,1,0,0,1,0,1,0,1,0,1,1,1,1,0,0,0,1,0,1,1,0,1,0,0,0,0,0,1]
obj1: 0.52
obj2: 0.43
obj3: 0.62
--------------
solution: [0,0,1,1,0,0,0,1,1,0,0,1,0,1,1,1,0,0,0,0,0,0,0,0,1,0,1,1,0,0]
obj1: 0.54
obj2: 0.37
obj3: 0.6
--------------
solution: [1,0,0,0,1,0,0,1,0,0,0,0,0,1,0,0,1,0,1,0,0,0,1,0,1,0,1,0,1,1]
obj1: 0.72
obj2: 0.17
obj3: 0.87
--------------
solution: [1,1,1,1,0,0,1,1,0,0,1,1,1,1,0,0,0,1,0,0,0,0,0,1,0,0,1,0,0,0]
obj1: 0.57
obj2: 0.32
obj3: 0.58
--------------
solution: [0,1,0,0,0,0,0,1,1,1,1,0,1,1,0,0,1,1,1,0,0,0,0,0,0,0,1,1,1,0]
obj1: 0.61
obj2: 0.35
obj3: 0.56
--------------
solution: [0,1,1,0,0,0,1,0,0,0,0,0,0,1,1,1,0,0,1,0,1,1,1,0,1,0,1,0,0,1]
obj1: 0.59
obj2: 0.24
obj3: 0.78
--------------
solution: [1,1,1,1,1,0,1,1,0,1,1,1,0,0,1,1,0,1,0,1,0,0,0,1,0,1,0,0,1,1]
obj1: 0.65
obj2: 0.3
obj3: 0.63
--------------
