solution: [1,0,0,0,1,0,0,0,0,0,1,0,0,0,1,0,0,0,0,0,0,0,1,0,0,0,1,0,1,0]
obj1: 0.81
obj2: 0.2
obj3: 0.8
--------------
solution: [0,1,0,1,0,0,0,1,0,0,1,0,0,0,1,1,0,0,1,1,0,1,0,0,1,0,1,0,0,0]
obj1: 0.74
obj2: 0.37
obj3: 0.39
--------------
solution: [1,1,0,0,0,1,0,0,0,0,0,1,1,0,0,1,0,0,1,0,1,0,0,0,1,1,0,0,1,0]
obj1: 0.5
obj2: 0.51
obj3: 0.53
--------------
solution: [0,1,0,0,0,1,0,0,0,0,0,1,1,0,0,1,0,0,1,0,1,1,0,1,1,0,1,0,0,1]
obj1: 0.57
obj2: 0.57
obj3: 0.44
--------------
solution: [1,0,0,1,1,0,0,1,0,0,1,0,0,0,0,0,0,0,0,0,0,0,1,0,0,0,1,0,1,0]
obj1: 0.76
obj2: 0.26
obj3: 0.69
--------------
solution: [1,1,1,0,0,1,0,0,0,0,0,0,1,0,0,0,0,0,1,0,1,0,0,0,0,0,1,0,0,0]
obj1: 0.5
obj2: 0.47
obj3: 0.74
--------------
solution: [1,1,0,0,0,1,1,0,0,0,0,1,1,0,0,1,0,0,1,0,1,0,0,0,1,1,0,0,1,0]
obj1: 0.51
obj2: 0.51
obj3: 0.51
--------------
solution: [0,0,0,0,0,0,0,1,0,0,1,0,0,1,0,0,0,1,1,0,1,1,1,1,1,1,1,0,1,0]
obj1: 0.73
obj2: 0.48
obj3: 0.42
--------------
solution: [0,1,0,1,0,1,1,1,1,0,1,0,1,0,0,0,0,0,1,0,0,1,0,0,1,0,1,0,0,0]
obj1: 0.59
obj2: 0.49
obj3: 0.39
--------------
solution: [1,1,0,1,1,1,0,0,0,0,0,1,1,1,0,0,0,0,0,0,1,0,0,0,1,0,1,0,1,1]
obj1: 0.55
obj2: 0.42
obj3: 0.62
--------------
solution: [0,1,0,1,1,0,0,1,1,0,1,0,0,0,0,0,0,0,0,0,0,0,1,0,0,0,1,0,0,0]
obj1: 0.72
obj2: 0.35
obj3: 0.51
--------------
solution: [1,0,0,1,1,1,0,0,0,0,0,0,0,0,1,0,0,0,0,0,0,0,1,0,0,0,1,0,1,0]
obj1: 0.65
obj2: 0.29
obj3: 0.71
--------------
solution: [1,0,0,1,1,0,1,0,1,0,0,0,1,1,0,0,0,1,1,0,1,1,0,0,1,0,1,0,1,0]
obj1: 0.62
obj2: 0.42
obj3: 0.59
--------------
solution: [1,1,0,0,0,1,0,0,0,0,0,0,1,0,0,1,0,0,1,0,1,0,0,0,0,0,1,0,1,0]
obj1: 0.52
obj2: 0.45
obj3: 0.65
--------------
solution: [1,0,0,1,1,0,1,1,1,0,1,0,0,1,0,0,0,1,1,0,0,1,0,0,1,0,1,0,1,0]
obj1: 0.69
obj2: 0.38
obj3: 0.55
--------------
solution: [1,1,0,1,1,1,1,0,0,1,1,0,0,1,0,0,0,1,1,1,0,0,1,1,1,0,1,1,1,0]
obj1: 0.68
obj2: 0.36
obj3: 0.66
--------------
solution: [1,1,0,1,1,0,0,0,0,0,1,0,0,1,0,0,0,1,1,0,1,1,1,0,0,1,1,0,0,1]
obj1: 0.66
obj2: 0.4
obj3: 0.6
--------------
solution: [0,1,0,1,0,1,1,1,0,0,1,0,1,0,0,0,0,0,1,0,0,1,0,0,1,0,1,0,0,0]
obj1: 0.59
obj2: 0.45
obj3: 0.45
--------------
solution: [1,1,0,1,1,0,1,1,0,0,1,0,0,1,0,0,0,1,1,0,1,1,1,1,1,1,1,0,0,1]
obj1: 0.68
obj2: 0.41
obj3: 0.48
--------------
solution: [1,0,0,1,1,0,0,0,1,0,1,1,0,0,0,0,0,0,0,0,0,0,1,0,1,1,0,0,1,0]
obj1: 0.65
obj2: 0.41
obj3: 0.58
--------------
solution: [1,1,0,0,0,1,0,0,0,0,0,0,1,0,0,1,0,0,1,1,1,0,0,0,1,1,0,0,1,0]
obj1: 0.54
obj2: 0.47
obj3: 0.52
--------------
solution: [1,1,0,0,1,1,0,0,0,0,1,0,0,0,1,0,0,0,0,0,1,0,0,0,1,0,1,0,1,1]
obj1: 0.63
obj2: 0.37
obj3: 0.7
--------------
solution: [1,1,0,1,1,0,0,0,0,0,0,0,0,0,1,0,0,0,0,0,1,0,0,0,1,0,1,0,1,1]
obj1: 0.64
obj2: 0.3
obj3: 0.71
--------------
solution: [1,0,0,0,1,0,1,0,0,0,1,0,0,0,0,0,0,0,0,0,0,0,1,0,1,1,0,0,1,0]
obj1: 0.7
obj2: 0.32
obj3: 0.6
--------------
solution: [1,1,0,1,0,0,0,1,0,0,1,0,0,0,1,1,0,1,1,0,1,1,1,0,1,0,1,0,0,1]
obj1: 0.7
obj2: 0.44
obj3: 0.47
--------------
solution: [1,1,0,0,1,0,1,1,0,1,1,0,0,0,0,0,0,0,0,0,0,1,1,0,0,0,0,0,1,0]
obj1: 0.71
obj2: 0.39
obj3: 0.51
--------------
solution: [1,1,0,1,1,0,0,0,1,0,1,0,0,1,0,0,0,1,1,0,1,1,1,1,1,1,1,0,0,1]
obj1: 0.67
obj2: 0.42
obj3: 0.55
--------------
solution: [1,0,0,1,1,0,1,1,1,0,0,0,1,1,0,0,0,1,1,0,1,1,0,0,1,0,1,0,1,0]
obj1: 0.64
obj2: 0.44
obj3: 0.52
--------------
solution: [1,1,0,1,1,0,0,0,0,0,1,0,0,0,1,0,0,0,1,1,1,1,0,0,1,0,1,0,0,1]
obj1: 0.68
obj2: 0.33
obj3: 0.69
--------------
solution: [1,1,0,1,1,1,0,0,0,0,1,0,0,0,0,0,0,1,1,1,0,1,0,1,1,0,1,1,1,0]
obj1: 0.64
obj2: 0.37
obj3: 0.63
--------------
