solution: [0,1,1,1,1,1,0,0,0,0,1,0,0,1,0,1,0,0,1,1,0,0,0,0,0,0,0,0,0,1]
obj1: 0.58
obj2: 0.44
obj3: 0.68
--------------
solution: [1,0,0,1,1,0,0,1,1,0,1,1,0,1,0,1,1,0,1,1,0,1,1,0,1,0,0,0,0,1]
obj1: 0.58
obj2: 0.45
obj3: 0.51
--------------
solution: [0,0,0,0,1,0,1,1,1,0,0,1,0,1,0,0,1,0,0,0,1,0,0,0,0,0,1,0,0,1]
obj1: 0.52
obj2: 0.49
obj3: 0.66
--------------
solution: [0,0,0,0,1,0,0,1,0,0,0,1,0,1,0,0,1,0,0,0,1,0,0,0,0,0,1,0,0,1]
obj1: 0.51
obj2: 0.48
obj3: 0.9
--------------
solution: [0,1,0,0,1,1,1,1,0,0,0,1,0,1,0,1,0,0,1,1,0,0,0,0,0,1,0,0,0,0]
obj1: 0.54
obj2: 0.48
obj3: 0.58
--------------
solution: [0,0,0,0,1,0,1,1,0,0,1,0,0,0,1,0,1,0,0,1,0,1,1,1,0,0,1,0,0,1]
obj1: 0.63
obj2: 0.36
obj3: 0.6
--------------
solution: [0,0,0,0,1,0,0,0,0,0,1,0,0,1,0,0,1,0,0,0,0,0,0,0,0,0,1,0,0,1]
obj1: 0.58
obj2: 0.38
obj3: 0.9
--------------
solution: [0,0,0,0,1,0,0,1,1,0,0,1,0,1,0,0,1,0,0,0,1,0,0,0,0,0,1,0,0,1]
obj1: 0.5
obj2: 0.52
obj3: 0.72
--------------
solution: [0,0,0,0,1,0,1,1,0,0,1,1,0,0,1,0,1,0,1,1,0,1,1,1,0,0,1,0,0,1]
obj1: 0.6
obj2: 0.4
obj3: 0.59
--------------
solution: [0,0,0,0,1,0,1,1,0,0,1,0,0,0,1,0,1,0,0,1,0,0,1,1,0,0,1,0,0,1]
obj1: 0.65
obj2: 0.33
obj3: 0.6
--------------
solution: [0,0,0,0,1,1,0,0,1,0,1,1,1,0,1,1,0,0,0,1,0,0,0,0,0,0,0,0,0,0]
obj1: 0.48
obj2: 0.56
obj3: 0.53
--------------
solution: [0,0,0,0,1,0,1,1,0,0,1,1,1,1,1,0,1,1,0,0,0,1,0,0,0,0,1,0,0,1]
obj1: 0.55
obj2: 0.46
obj3: 0.66
--------------
solution: [0,1,1,0,1,0,0,1,1,0,0,1,0,1,0,0,1,0,0,0,1,0,0,0,0,0,1,0,0,1]
obj1: 0.51
obj2: 0.53
obj3: 0.66
--------------
solution: [0,0,0,0,0,0,1,1,1,1,0,0,0,1,0,1,1,1,1,1,0,0,1,1,0,0,1,0,1,0]
obj1: 0.68
obj2: 0.39
obj3: 0.51
--------------
solution: [0,0,0,0,1,0,1,1,1,1,1,0,1,1,1,1,1,1,1,1,0,0,1,0,0,0,1,0,0,1]
obj1: 0.63
obj2: 0.41
obj3: 0.5
--------------
solution: [0,1,0,0,1,0,0,1,0,0,0,1,0,1,0,1,1,0,0,1,0,0,1,0,0,0,0,0,1,0]
obj1: 0.56
obj2: 0.45
obj3: 0.6
--------------
solution: [0,0,0,0,1,0,1,1,1,0,0,1,0,1,0,0,1,1,0,0,1,0,0,0,0,0,1,0,0,1]
obj1: 0.55
obj2: 0.46
obj3: 0.66
--------------
solution: [0,0,1,1,0,0,1,1,1,0,0,0,0,0,1,0,0,1,0,1,0,0,0,1,0,0,1,0,0,1]
obj1: 0.67
obj2: 0.37
obj3: 0.55
--------------
solution: [0,0,0,0,0,0,1,1,0,0,1,1,1,0,1,0,1,1,1,1,0,1,1,1,0,0,1,0,0,1]
obj1: 0.61
obj2: 0.42
obj3: 0.45
--------------
solution: [1,1,1,0,1,0,1,1,0,1,1,0,0,0,1,0,1,0,0,1,0,0,1,1,1,0,1,1,0,1]
obj1: 0.66
obj2: 0.39
obj3: 0.59
--------------
solution: [0,0,0,0,1,1,1,0,1,0,1,0,0,0,0,1,0,0,0,1,0,0,1,0,0,0,0,0,0,0]
obj1: 0.59
obj2: 0.43
obj3: 0.59
--------------
solution: [0,0,0,0,1,0,0,1,1,0,0,1,0,1,1,0,1,0,0,0,0,0,0,0,1,0,1,0,0,1]
obj1: 0.52
obj2: 0.48
obj3: 0.74
--------------
solution: [0,0,0,0,1,0,1,1,1,1,0,1,1,1,1,1,1,1,1,1,0,0,0,0,0,0,0,1,0,1]
obj1: 0.57
obj2: 0.48
obj3: 0.52
--------------
solution: [1,1,0,0,1,1,1,1,1,0,1,0,0,0,1,1,0,0,1,1,0,0,0,0,0,1,0,0,0,0]
obj1: 0.6
obj2: 0.44
obj3: 0.55
--------------
solution: [0,1,0,0,0,1,0,0,0,0,0,1,0,1,0,1,1,0,0,1,0,0,1,0,0,0,0,0,1,0]
obj1: 0.53
obj2: 0.5
obj3: 0.44
--------------
