solution: [1,1,1,1,1,1,1,1,0,1,1,1,1,1,0,1,0,0,1,0,1,1,0,0,0,1,0,0,1,0]
obj1: 0.58
obj2: 0.56
obj3: 0.47
--------------
solution: [0,0,0,1,0,1,0,0,1,1,1,0,1,0,1,0,0,1,1,1,0,1,1,0,1,0,1,1,1,1]
obj1: 0.63
obj2: 0.52
obj3: 0.43
--------------
solution: [1,1,0,0,0,1,1,0,1,0,0,1,0,0,1,0,0,0,0,0,0,1,1,1,1,1,1,1,0,0]
obj1: 0.62
obj2: 0.55
obj3: 0.44
--------------
solution: [0,0,1,0,0,0,1,0,0,0,1,1,1,0,1,1,1,0,1,0,1,1,0,1,1,0,1,0,1,1]
obj1: 0.6
obj2: 0.56
obj3: 0.46
--------------
solution: [1,1,0,1,0,1,0,1,1,0,1,0,0,1,1,1,1,0,0,0,0,1,0,1,1,0,1,1,0,1]
obj1: 0.62
obj2: 0.57
obj3: 0.43
--------------
solution: [0,1,1,0,1,0,1,0,1,0,0,1,1,1,0,1,0,0,1,1,0,1,1,1,0,1,1,0,1,1]
obj1: 0.62
obj2: 0.53
obj3: 0.45
--------------
solution: [0,0,0,1,1,1,0,0,1,0,0,1,1,1,0,1,0,1,1,0,0,0,0,0,1,0,0,0,1,1]
obj1: 0.54
obj2: 0.5
obj3: 0.57
--------------
solution: [0,0,0,1,0,0,1,0,1,1,0,1,0,1,1,1,1,0,1,1,1,0,0,1,0,0,1,0,1,0]
obj1: 0.66
obj2: 0.51
obj3: 0.47
--------------
solution: [1,1,0,0,1,0,1,1,1,0,1,0,1,1,0,1,1,1,1,0,1,0,1,0,0,0,1,1,0,0]
obj1: 0.63
obj2: 0.52
obj3: 0.43
--------------
solution: [1,0,1,1,1,0,0,1,1,0,0,1,1,1,0,0,0,0,0,0,0,1,0,1,0,0,0,1,1,0]
obj1: 0.56
obj2: 0.59
obj3: 0.55
--------------
solution: [0,1,0,1,1,0,1,0,0,0,0,0,0,1,0,0,0,0,1,0,1,1,1,1,0,0,0,0,1,0]
obj1: 0.63
obj2: 0.38
obj3: 0.51
--------------
solution: [1,0,0,1,1,0,0,0,1,0,0,1,1,1,0,1,0,1,1,0,0,0,0,0,0,1,0,0,0,0]
obj1: 0.57
obj2: 0.53
obj3: 0.49
--------------
solution: [0,1,0,1,0,0,1,0,0,0,1,1,1,1,0,1,0,1,1,0,1,1,0,0,1,1,0,0,1,1]
obj1: 0.6
obj2: 0.52
obj3: 0.5
--------------
solution: [1,1,1,1,1,1,1,1,0,1,1,1,1,0,0,1,0,0,1,0,0,1,0,0,0,1,0,0,1,0]
obj1: 0.59
obj2: 0.57
obj3: 0.45
--------------
solution: [0,1,1,0,0,0,1,1,1,1,1,0,1,0,1,0,0,1,1,1,0,1,1,0,1,0,1,1,1,1]
obj1: 0.65
obj2: 0.53
obj3: 0.38
--------------
solution: [0,1,0,1,1,1,1,0,1,1,1,1,0,1,1,0,0,1,0,0,1,0,0,1,1,0,0,1,1,1]
obj1: 0.59
obj2: 0.51
obj3: 0.53
--------------
solution: [0,0,1,0,0,1,0,1,1,0,0,1,1,1,0,0,1,0,1,0,0,1,0,0,1,1,1,1,0,1]
obj1: 0.54
obj2: 0.61
obj3: 0.44
--------------
solution: [0,1,0,1,1,0,1,0,0,0,0,0,0,1,0,0,0,0,1,0,1,0,0,1,0,0,0,0,1,1]
obj1: 0.62
obj2: 0.38
obj3: 0.59
--------------
solution: [0,0,0,1,0,0,1,0,1,1,0,0,0,1,1,1,1,0,1,1,1,0,1,1,0,0,1,0,1,0]
obj1: 0.69
obj2: 0.49
obj3: 0.45
--------------
