solution: [0,1,0,1,0,0,1,1,0,0,1,1,0,1,1,0,0,0,1,1,0,1,1,1,0,0,1,0,1,0]
obj1: 0.66
obj2: 0.42
obj3: 0.39
--------------
solution: [0,1,0,1,0,1,0,0,0,0,0,1,1,1,0,1,1,0,1,1,1,1,0,0,1,0,1,0,0,0]
obj1: 0.55
obj2: 0.44
obj3: 0.42
--------------
solution: [1,1,0,1,1,1,1,0,0,0,0,1,1,0,0,0,0,0,1,1,0,0,0,0,1,0,1,0,0,0]
obj1: 0.56
obj2: 0.34
obj3: 0.7
--------------
solution: [0,1,0,1,0,1,0,0,0,0,0,1,1,1,0,1,1,0,1,1,0,1,0,0,1,0,1,0,0,0]
obj1: 0.56
obj2: 0.42
obj3: 0.41
--------------
solution: [1,1,0,1,1,0,1,0,0,0,0,1,1,0,0,0,0,0,1,1,0,0,0,0,1,1,1,0,0,0]
obj1: 0.6
obj2: 0.34
obj3: 0.59
--------------
solution: [0,1,0,1,1,1,0,0,0,0,0,0,1,1,1,0,0,0,1,1,0,1,0,0,1,0,1,0,0,0]
obj1: 0.58
obj2: 0.3
obj3: 0.63
--------------
solution: [0,1,0,1,0,1,1,0,0,0,0,1,1,0,0,0,0,0,1,0,0,0,0,0,1,0,1,0,0,0]
obj1: 0.5
obj2: 0.42
obj3: 0.51
--------------
solution: [0,1,0,1,0,1,1,0,0,0,0,1,1,1,0,1,1,0,1,0,0,1,0,0,1,0,1,0,0,0]
obj1: 0.54
obj2: 0.45
obj3: 0.41
--------------
solution: [0,1,0,1,0,0,0,0,0,0,0,1,1,1,1,0,1,1,0,1,0,0,0,0,1,0,1,0,0,0]
obj1: 0.69
obj2: 0.34
obj3: 0.45
--------------
solution: [0,1,0,1,1,0,1,0,0,0,0,0,0,1,0,0,1,0,1,1,0,0,0,0,1,0,0,0,0,0]
obj1: 0.64
obj2: 0.18
obj3: 0.64
--------------
solution: [0,1,0,1,0,1,1,1,0,1,0,1,1,0,0,1,1,0,1,0,0,1,0,0,0,0,1,0,1,0]
obj1: 0.58
obj2: 0.53
obj3: 0.39
--------------
solution: [0,1,0,1,0,0,1,1,0,0,1,1,0,1,1,0,0,0,1,1,0,1,0,0,1,0,1,0,0,0]
obj1: 0.64
obj2: 0.36
obj3: 0.48
--------------
solution: [0,1,0,1,0,1,1,0,0,0,0,1,0,1,1,0,0,0,1,1,0,1,1,1,0,0,1,0,1,0]
obj1: 0.59
obj2: 0.41
obj3: 0.44
--------------
solution: [0,1,0,1,0,0,1,0,0,0,0,0,0,1,0,0,1,0,1,1,0,0,0,0,1,0,0,0,0,0]
obj1: 0.62
obj2: 0.2
obj3: 0.74
--------------
solution: [0,1,0,1,1,1,1,0,0,0,0,1,1,0,0,0,0,0,1,1,0,0,0,0,1,0,1,0,1,0]
obj1: 0.55
obj2: 0.35
obj3: 0.61
--------------
solution: [1,1,0,1,1,1,0,0,0,0,0,1,1,1,0,0,0,0,1,1,0,1,0,0,0,0,1,0,0,0]
obj1: 0.54
obj2: 0.35
obj3: 0.69
--------------
solution: [0,1,0,1,0,1,0,0,0,0,0,1,1,1,0,0,1,0,1,1,1,1,0,0,1,0,1,0,0,0]
obj1: 0.55
obj2: 0.4
obj3: 0.46
--------------
solution: [0,1,0,1,0,1,1,1,0,0,0,1,1,0,0,1,0,0,1,0,1,1,0,0,1,0,1,0,1,0]
obj1: 0.52
obj2: 0.51
obj3: 0.41
--------------
solution: [0,1,0,1,0,1,1,0,0,0,0,1,1,0,0,0,0,0,1,1,0,0,0,0,0,0,1,0,0,0]
obj1: 0.51
obj2: 0.41
obj3: 0.54
--------------
solution: [0,1,0,1,0,0,1,0,0,0,0,1,1,0,0,0,0,0,1,0,0,0,0,0,1,0,1,0,0,0]
obj1: 0.55
obj2: 0.37
obj3: 0.53
--------------
solution: [1,1,0,1,1,1,1,0,0,0,0,1,1,0,0,0,0,0,1,1,0,1,0,0,0,0,1,0,0,0]
obj1: 0.53
obj2: 0.38
obj3: 0.69
--------------
