solution: [0,1,0,0,0,1,1,0,0,1,0,1,0,1,1,0,0,0,1,1,1,1,0,0,1,0,1,0,0,1]
obj1: 0.6
obj2: 0.41
obj3: 0.56
--------------
solution: [0,0,1,0,0,1,1,1,0,0,0,1,1,0,0,0,1,1,1,1,0,1,0,0,1,0,1,1,1,1]
obj1: 0.63
obj2: 0.56
obj3: 0.4
--------------
solution: [0,1,0,0,0,1,0,1,0,0,0,1,1,0,0,0,0,0,1,0,1,1,0,0,0,0,1,1,1,1]
obj1: 0.53
obj2: 0.58
obj3: 0.46
--------------
solution: [0,1,0,0,0,1,1,1,0,0,0,1,1,0,0,1,0,0,1,0,0,1,0,0,0,0,0,1,0,1]
obj1: 0.52
obj2: 0.66
obj3: 0.48
--------------
solution: [0,1,0,0,0,0,0,0,0,1,0,1,0,1,1,0,0,0,1,1,1,1,0,0,1,0,1,0,0,1]
obj1: 0.64
obj2: 0.37
obj3: 0.53
--------------
solution: [0,1,0,1,0,0,1,1,0,0,1,1,0,1,1,0,0,0,1,1,0,1,1,1,0,0,1,0,1,0]
obj1: 0.66
obj2: 0.42
obj3: 0.39
--------------
solution: [1,1,0,0,0,1,1,1,0,0,0,0,1,0,0,1,0,0,1,0,0,1,0,0,0,0,0,0,0,0]
obj1: 0.52
obj2: 0.55
obj3: 0.49
--------------
solution: [0,1,0,0,1,0,1,0,0,0,1,1,0,1,1,0,1,0,1,1,0,0,0,1,1,1,1,0,1,0]
obj1: 0.69
obj2: 0.35
obj3: 0.53
--------------
solution: [0,1,0,1,0,0,1,0,0,0,1,0,0,1,1,0,0,0,1,1,0,1,0,1,0,1,1,1,1,0]
obj1: 0.63
obj2: 0.4
obj3: 0.47
--------------
solution: [0,1,0,1,0,1,0,0,0,0,0,1,1,1,0,1,1,0,1,1,1,1,0,0,1,0,1,0,0,0]
obj1: 0.55
obj2: 0.44
obj3: 0.42
--------------
solution: [0,1,0,1,1,1,0,0,0,0,0,1,1,1,1,1,1,0,1,1,0,1,0,0,1,0,1,0,0,0]
obj1: 0.6
obj2: 0.39
obj3: 0.57
--------------
solution: [0,1,0,1,1,0,1,1,0,0,0,1,0,1,1,0,1,0,1,1,1,1,0,0,1,0,1,0,0,0]
obj1: 0.64
obj2: 0.36
obj3: 0.55
--------------
solution: [1,1,0,1,1,1,1,0,0,0,0,1,1,0,0,0,0,0,1,1,0,0,0,0,1,0,1,0,0,0]
obj1: 0.56
obj2: 0.34
obj3: 0.7
--------------
solution: [0,1,0,1,0,0,1,0,0,0,1,0,1,1,1,0,1,0,1,1,1,1,1,0,1,1,1,0,1,0]
obj1: 0.65
obj2: 0.36
obj3: 0.51
--------------
solution: [0,1,0,0,0,1,1,1,0,1,0,1,1,0,0,1,1,0,1,0,0,1,0,0,0,0,1,0,0,1]
obj1: 0.61
obj2: 0.59
obj3: 0.4
--------------
solution: [0,1,0,1,0,1,0,0,0,0,0,1,1,1,0,1,1,0,1,1,0,1,0,0,1,0,1,0,0,0]
obj1: 0.56
obj2: 0.42
obj3: 0.41
--------------
solution: [1,1,0,1,1,0,1,0,0,0,0,1,1,0,0,0,0,0,1,1,0,0,0,0,1,1,1,0,0,0]
obj1: 0.6
obj2: 0.34
obj3: 0.59
--------------
solution: [0,1,0,1,1,1,0,0,0,0,0,1,1,1,0,1,1,0,1,1,1,1,0,0,1,0,1,0,1,0]
obj1: 0.57
obj2: 0.41
obj3: 0.58
--------------
solution: [0,1,0,1,1,1,0,0,0,0,0,0,1,1,1,0,0,0,1,1,0,1,0,0,1,0,1,0,0,0]
obj1: 0.58
obj2: 0.3
obj3: 0.63
--------------
solution: [1,1,0,1,1,1,1,0,0,0,0,1,1,0,0,0,0,0,1,0,0,0,0,0,1,0,1,0,0,0]
obj1: 0.54
obj2: 0.36
obj3: 0.69
--------------
solution: [1,1,0,1,1,0,1,0,0,0,0,0,1,1,0,0,1,1,1,1,0,0,0,0,1,0,1,0,0,0]
obj1: 0.68
obj2: 0.24
obj3: 0.69
--------------
