solution: [0,0,0,0,0,0,0,0,0,1,1,1,1,1,1,1,0,1,1,0,1,0,1,0,0,0,1,0,0,0]
obj1: 0.65
obj2: 0.36
obj3: 0.44
--------------
solution: [0,0,0,0,0,0,0,0,0,0,1,0,0,1,1,0,1,1,1,1,0,0,1,0,0,0,1,0,0,0]
obj1: 0.68
obj2: 0.11
obj3: 0.76
--------------
solution: [0,0,0,0,0,1,0,0,1,0,0,0,0,1,0,1,0,1,1,0,0,0,0,0,0,0,1,0,0,0]
obj1: 0.53
obj2: 0.32
obj3: 0.56
--------------
solution: [1,0,0,0,0,0,0,0,0,0,1,0,0,1,1,1,1,1,1,1,0,0,1,0,0,0,1,0,0,1]
obj1: 0.72
obj2: 0.13
obj3: 0.65
--------------
solution: [0,0,0,0,0,0,0,0,0,0,1,0,0,1,1,1,1,1,1,1,0,0,1,0,0,0,1,0,0,0]
obj1: 0.69
obj2: 0.14
obj3: 0.65
--------------
solution: [0,0,1,1,1,0,1,0,0,1,1,1,1,1,1,1,0,1,1,0,0,0,1,0,0,0,1,0,0,0]
obj1: 0.65
obj2: 0.3
obj3: 0.46
--------------
solution: [1,1,1,1,1,1,0,0,1,1,0,0,0,0,0,1,1,1,1,0,0,0,1,0,1,0,1,0,0,1]
obj1: 0.67
obj2: 0.28
obj3: 0.48
--------------
solution: [0,1,1,1,1,1,0,0,1,0,0,0,0,0,0,1,1,1,1,0,0,0,1,0,1,0,1,0,0,0]
obj1: 0.62
obj2: 0.27
obj3: 0.5
--------------
solution: [0,0,0,0,0,0,1,0,1,0,0,0,0,1,0,1,0,1,1,0,0,0,0,0,1,0,1,0,1,0]
obj1: 0.59
obj2: 0.24
obj3: 0.59
--------------
solution: [1,1,0,1,1,0,1,0,0,0,1,0,0,1,0,0,0,1,1,0,0,0,1,0,0,0,1,0,1,0]
obj1: 0.61
obj2: 0.15
obj3: 0.62
--------------
solution: [0,1,0,1,1,0,1,0,0,0,1,0,0,1,0,1,0,1,1,0,0,0,1,0,0,0,1,0,0,0]
obj1: 0.61
obj2: 0.17
obj3: 0.6
--------------
solution: [0,1,0,1,1,0,1,0,0,0,1,0,0,1,0,1,0,1,1,1,0,0,1,1,0,0,1,0,0,0]
obj1: 0.62
obj2: 0.2
obj3: 0.53
--------------
solution: [0,1,1,0,1,0,0,0,0,0,1,0,0,1,1,1,0,1,1,1,0,0,1,1,0,0,1,0,1,1]
obj1: 0.67
obj2: 0.2
obj3: 0.5
--------------
solution: [1,1,0,1,1,0,1,0,0,0,1,0,0,1,0,1,0,1,1,0,0,0,1,0,1,0,1,0,1,0]
obj1: 0.63
obj2: 0.17
obj3: 0.57
--------------
solution: [0,0,0,1,0,0,1,0,0,0,1,0,0,1,0,0,0,1,1,1,0,0,1,0,1,0,0,1,0,1]
obj1: 0.63
obj2: 0.23
obj3: 0.5
--------------
solution: [0,0,0,0,0,0,1,0,0,0,1,0,0,1,0,1,0,1,1,0,0,1,1,1,0,1,1,0,1,0]
obj1: 0.61
obj2: 0.34
obj3: 0.49
--------------
solution: [0,0,1,1,0,1,1,0,0,1,1,1,1,1,1,1,0,1,1,0,1,0,1,0,0,0,1,0,0,0]
obj1: 0.6
obj2: 0.38
obj3: 0.48
--------------
solution: [0,0,0,0,0,0,1,0,0,1,1,1,1,1,1,1,0,1,1,0,0,0,1,0,0,0,1,0,0,0]
obj1: 0.64
obj2: 0.32
obj3: 0.45
--------------
solution: [0,1,1,1,1,1,0,0,1,1,0,0,0,0,0,1,1,1,1,0,0,0,1,0,1,0,1,0,0,0]
obj1: 0.64
obj2: 0.29
obj3: 0.49
--------------
solution: [0,1,1,0,0,1,1,1,1,0,1,0,1,1,1,1,0,0,1,1,0,0,0,0,1,0,0,1,0,0]
obj1: 0.57
obj2: 0.37
obj3: 0.5
--------------
solution: [0,0,0,0,0,0,1,0,1,0,0,0,0,1,1,0,0,1,1,0,0,0,0,0,1,0,1,0,1,0]
obj1: 0.61
obj2: 0.2
obj3: 0.58
--------------
solution: [0,0,1,0,0,0,1,0,0,1,1,1,1,1,1,1,0,1,1,0,0,0,1,0,1,0,1,0,0,0]
obj1: 0.65
obj2: 0.31
obj3: 0.45
--------------
solution: [1,0,0,0,0,0,0,0,0,0,1,0,0,1,1,1,1,1,1,0,0,0,1,0,0,0,1,0,0,1]
obj1: 0.73
obj2: 0.14
obj3: 0.64
--------------
solution: [0,1,1,0,0,1,1,1,1,1,1,1,0,1,0,0,0,1,1,0,0,0,1,0,1,0,1,0,0,0]
obj1: 0.59
obj2: 0.34
obj3: 0.5
--------------
solution: [0,1,1,0,0,1,1,0,1,0,0,0,0,1,1,0,0,1,1,0,0,0,0,0,1,0,1,0,0,0]
obj1: 0.55
obj2: 0.25
obj3: 0.54
--------------
solution: [0,1,0,1,0,0,1,0,0,0,1,0,0,1,0,1,0,1,1,0,0,0,1,0,1,0,1,0,1,0]
obj1: 0.6
obj2: 0.19
obj3: 0.63
--------------
solution: [0,1,1,1,0,1,1,1,1,0,0,0,0,1,0,0,0,1,1,1,0,0,1,0,0,0,0,0,0,0]
obj1: 0.55
obj2: 0.29
obj3: 0.52
--------------
solution: [0,1,1,0,0,0,1,0,0,0,1,0,0,1,1,1,1,1,1,1,0,0,1,0,0,0,1,0,0,1]
obj1: 0.67
obj2: 0.17
obj3: 0.53
--------------
