solution: [0,1,1,1,0,0,0,0,1,0,0,0,0,0,1,1,1,0,1,1,0,1,1,1,1,0,1,0,0,1]
obj1: 0.59
obj2: 0.27
obj3: 0.7
--------------
solution: [0,1,1,1,0,0,0,0,0,0,0,1,0,0,1,1,1,0,1,1,0,1,1,1,1,0,1,0,0,1]
obj1: 0.58
obj2: 0.25
obj3: 0.8
--------------
solution: [0,1,0,0,0,0,1,0,0,0,0,1,0,1,0,0,0,1,1,0,0,1,1,1,1,0,1,1,0,0]
obj1: 0.57
obj2: 0.27
obj3: 0.8
--------------
solution: [0,1,1,1,0,1,0,0,0,0,0,1,1,0,1,0,1,1,1,1,1,0,1,1,1,0,1,0,0,1]
obj1: 0.56
obj2: 0.3
obj3: 0.7
--------------
solution: [1,0,0,1,1,0,0,0,0,0,0,1,1,0,1,0,0,0,0,1,1,1,0,1,0,0,0,1,0,0]
obj1: 0.46
obj2: 0.34
obj3: 0.8
--------------
solution: [0,1,1,1,0,0,0,0,1,0,0,0,0,0,0,1,1,1,1,1,0,1,1,1,0,0,0,1,0,1]
obj1: 0.57
obj2: 0.3
obj3: 0.65
--------------
solution: [0,1,1,0,1,0,0,0,1,0,1,1,0,0,1,1,1,0,1,1,0,1,0,0,1,0,1,1,1,1]
obj1: 0.56
obj2: 0.28
obj3: 0.82
--------------
solution: [1,0,0,0,0,0,1,0,0,0,0,0,0,0,1,1,0,1,0,1,0,1,0,1,0,0,0,1,0,0]
obj1: 0.61
obj2: 0.2
obj3: 0.79
--------------
solution: [0,1,1,1,0,0,0,0,0,0,0,1,0,0,1,1,1,0,1,0,1,1,1,1,0,0,1,0,0,1]
obj1: 0.55
obj2: 0.3
obj3: 0.74
--------------
solution: [0,1,1,1,1,0,1,0,1,0,0,1,0,1,0,0,0,1,1,1,1,0,0,1,0,0,0,1,0,1]
obj1: 0.52
obj2: 0.3
obj3: 0.79
--------------
solution: [0,1,1,1,0,0,1,1,1,1,0,1,1,1,0,0,0,1,1,0,1,0,0,1,1,1,0,1,0,0]
obj1: 0.56
obj2: 0.4
obj3: 0.58
--------------
solution: [0,1,1,1,0,0,0,0,0,0,0,1,0,0,1,1,1,0,1,0,0,0,0,1,1,0,1,0,0,1]
obj1: 0.57
obj2: 0.24
obj3: 0.81
--------------
solution: [1,0,0,0,0,0,1,0,0,0,0,0,0,0,1,1,0,1,0,1,0,0,0,1,0,1,1,1,0,0]
obj1: 0.64
obj2: 0.22
obj3: 0.75
--------------
solution: [1,1,0,1,1,0,0,0,0,0,0,1,1,0,1,0,0,0,0,1,1,1,0,1,0,0,0,0,0,0]
obj1: 0.46
obj2: 0.33
obj3: 0.89
--------------
solution: [0,1,0,0,0,0,1,1,1,0,1,0,1,0,1,1,0,0,0,0,0,0,1,1,1,0,1,1,0,1]
obj1: 0.63
obj2: 0.3
obj3: 0.62
--------------
solution: [0,1,0,0,0,1,0,0,0,0,1,0,1,0,1,0,0,0,1,1,1,1,1,1,1,0,1,1,0,1]
obj1: 0.54
obj2: 0.34
obj3: 0.68
--------------
solution: [1,0,0,0,0,0,1,0,0,0,0,0,0,0,1,1,0,1,0,1,0,1,0,0,1,1,0,1,0,0]
obj1: 0.64
obj2: 0.28
obj3: 0.69
--------------
solution: [1,1,0,0,0,0,1,1,1,0,1,0,1,1,0,0,0,1,0,1,0,0,0,1,1,0,1,0,0,1]
obj1: 0.66
obj2: 0.26
obj3: 0.66
--------------
solution: [0,1,1,1,0,1,0,0,0,0,0,1,1,0,1,0,0,0,1,1,1,1,1,1,1,0,1,1,0,1]
obj1: 0.5
obj2: 0.35
obj3: 0.69
--------------
solution: [0,1,1,1,0,0,1,0,1,0,0,0,0,0,0,1,1,1,1,1,0,0,0,1,1,1,0,1,1,0]
obj1: 0.6
obj2: 0.33
obj3: 0.63
--------------
solution: [1,0,0,0,0,0,0,0,0,0,0,0,0,0,1,1,0,1,0,1,0,0,0,1,0,1,1,1,0,0]
obj1: 0.62
obj2: 0.23
obj3: 0.74
--------------
solution: [0,0,0,1,0,0,0,0,1,0,0,0,0,0,1,0,0,0,0,1,1,1,0,1,0,0,0,1,0,0]
obj1: 0.42
obj2: 0.37
obj3: 0.69
--------------
solution: [1,0,0,1,0,1,0,0,1,0,0,1,1,1,1,1,0,1,0,1,0,0,0,1,1,1,1,1,0,0]
obj1: 0.52
obj2: 0.36
obj3: 0.62
--------------
solution: [0,1,0,0,0,1,0,0,0,0,1,0,1,0,1,0,1,1,1,1,1,0,1,1,1,0,1,1,0,1]
obj1: 0.58
obj2: 0.29
obj3: 0.69
--------------
solution: [1,1,1,1,1,0,0,0,0,0,0,1,1,0,1,0,0,0,1,1,1,1,0,1,0,0,0,0,0,0]
obj1: 0.47
obj2: 0.31
obj3: 0.89
--------------
solution: [1,0,0,0,0,1,1,0,0,0,0,0,0,0,1,1,0,1,0,1,0,1,0,1,0,0,0,1,0,0]
obj1: 0.58
obj2: 0.26
obj3: 0.71
--------------
solution: [1,1,0,1,1,0,0,0,0,0,0,1,0,0,1,1,0,0,0,1,1,1,0,1,0,0,0,0,0,0]
obj1: 0.5
obj2: 0.29
obj3: 0.9
--------------
solution: [0,1,1,1,0,0,1,1,1,1,0,1,1,0,0,1,0,0,1,0,1,0,0,1,1,1,0,1,0,0]
obj1: 0.54
obj2: 0.42
obj3: 0.58
--------------
solution: [0,1,1,1,0,0,1,1,1,1,0,1,1,1,0,0,1,1,1,1,1,0,0,1,1,1,0,1,1,0]
obj1: 0.58
obj2: 0.37
obj3: 0.59
--------------
