solution: [1,1,0,1,0,1,1,1,1,0,1,1,0,0,0,1,1,1,1,1,1,1,0,1,1,0,0,0,0,0]
obj1: 0.59
obj2: 0.44
obj3: 0.56
--------------
solution: [0,1,1,1,1,0,1,1,0,0,1,1,0,0,1,1,0,1,1,0,0,1,1,1,1,1,0,1,1,0]
obj1: 0.61
obj2: 0.38
obj3: 0.64
--------------
solution: [1,0,0,0,0,0,0,0,1,1,0,1,1,1,1,1,0,0,1,0,0,0,0,1,0,1,1,1,0,0]
obj1: 0.52
obj2: 0.45
obj3: 0.6
--------------
solution: [0,1,0,1,1,0,0,1,0,0,0,0,1,0,0,0,1,1,1,1,1,1,0,1,0,0,0,1,0,0]
obj1: 0.56
obj2: 0.41
obj3: 0.69
--------------
solution: [1,0,0,0,0,1,0,1,1,0,1,1,1,1,0,1,1,0,0,1,0,1,0,1,0,1,1,1,0,1]
obj1: 0.55
obj2: 0.44
obj3: 0.61
--------------
solution: [1,1,0,0,0,0,0,0,0,1,1,1,0,1,0,1,1,0,1,0,1,1,1,1,0,0,1,0,0,1]
obj1: 0.6
obj2: 0.4
obj3: 0.55
--------------
solution: [1,1,1,1,1,0,0,0,0,0,1,1,0,0,1,1,1,0,1,1,0,0,1,1,1,0,0,0,0,0]
obj1: 0.61
obj2: 0.34
obj3: 0.78
--------------
solution: [0,0,1,0,0,1,1,0,1,1,0,1,1,1,1,0,0,0,1,0,0,0,0,0,0,1,0,0,1,0]
obj1: 0.49
obj2: 0.52
obj3: 0.71
--------------
solution: [1,1,1,1,1,1,0,0,1,0,0,1,0,0,1,0,0,0,0,0,0,1,0,0,0,0,0,0,1,0]
obj1: 0.51
obj2: 0.51
obj3: 0.79
--------------
solution: [0,1,1,0,1,1,1,0,0,1,0,1,0,1,0,1,1,0,1,1,1,0,0,1,1,0,1,0,0,0]
obj1: 0.56
obj2: 0.39
obj3: 0.72
--------------
solution: [0,1,0,1,1,0,0,1,0,1,1,1,0,1,0,1,1,0,1,0,1,1,0,1,0,0,0,1,0,0]
obj1: 0.54
obj2: 0.42
obj3: 0.63
--------------
solution: [1,1,0,0,0,0,0,0,0,1,1,1,0,1,1,1,0,0,1,0,1,1,1,1,0,0,1,0,0,1]
obj1: 0.59
obj2: 0.4
obj3: 0.58
--------------
solution: [0,1,0,1,1,0,0,1,0,0,0,0,1,0,0,1,1,0,1,1,1,0,0,1,1,0,0,1,0,0]
obj1: 0.57
obj2: 0.39
obj3: 0.66
--------------
solution: [1,1,0,0,0,0,0,1,0,1,1,1,0,1,0,1,0,0,1,0,1,1,1,1,0,0,1,0,0,1]
obj1: 0.61
obj2: 0.39
obj3: 0.58
--------------
solution: [0,1,0,0,0,0,0,1,1,1,0,0,0,1,0,1,0,0,1,1,0,0,1,1,0,0,1,0,0,0]
obj1: 0.62
obj2: 0.37
obj3: 0.56
--------------
solution: [1,1,0,0,0,1,0,1,0,0,0,0,1,0,0,0,1,1,1,1,1,1,1,1,0,0,1,0,0,1]
obj1: 0.63
obj2: 0.4
obj3: 0.52
--------------
solution: [0,0,0,0,1,0,0,0,1,0,0,1,0,0,1,0,0,0,0,0,1,0,0,0,0,0,0,1,1,0]
obj1: 0.45
obj2: 0.46
obj3: 0.82
--------------
solution: [1,1,0,0,0,0,0,0,0,1,1,1,0,1,1,1,1,0,1,1,0,0,1,1,1,0,1,0,0,1]
obj1: 0.63
obj2: 0.35
obj3: 0.62
--------------
