solution: [0,0,0,1,1,0,1,1,0,1,1,1,1,1,0,0,1,1,0,0,0,1,1,1,1,1,1,1,1,0]
obj1: 0.64
obj2: 0.24
obj3: 0.51
--------------
solution: [0,1,0,1,1,1,0,0,1,0,0,1,0,1,0,0,0,0,0,0,0,0,1,1,1,0,0,0,1,0]
obj1: 0.54
obj2: 0.26
obj3: 0.53
--------------
solution: [0,0,0,1,1,1,1,0,0,0,0,1,1,1,1,1,0,1,1,0,1,1,1,0,0,1,0,1,1,1]
obj1: 0.58
obj2: 0.24
obj3: 0.53
--------------
solution: [0,1,0,0,0,0,1,0,1,1,0,0,0,1,0,0,1,0,1,0,1,0,1,1,1,1,0,1,1,0]
obj1: 0.59
obj2: 0.23
obj3: 0.53
--------------
solution: [0,1,0,0,0,0,1,1,1,1,1,1,1,1,0,0,1,1,1,1,0,0,0,1,0,0,1,1,1,0]
obj1: 0.6
obj2: 0.29
obj3: 0.49
--------------
solution: [0,1,0,1,1,1,1,0,1,0,0,1,0,1,0,0,1,0,1,0,0,0,1,1,0,1,1,0,1,0]
obj1: 0.56
obj2: 0.25
obj3: 0.54
--------------
solution: [1,1,0,0,1,1,0,0,1,0,0,0,1,1,0,0,0,0,1,0,0,0,0,0,1,1,0,1,0,0]
obj1: 0.52
obj2: 0.28
obj3: 0.56
--------------
solution: [0,1,0,0,0,0,1,1,1,1,1,1,1,1,0,0,1,1,1,1,0,0,0,1,1,0,0,1,1,0]
obj1: 0.6
obj2: 0.28
obj3: 0.5
--------------
solution: [0,0,0,1,0,0,1,0,1,0,0,1,0,1,0,0,1,0,1,0,0,0,1,0,0,0,1,1,1,1]
obj1: 0.6
obj2: 0.23
obj3: 0.52
--------------
solution: [0,1,0,0,0,0,1,1,1,0,1,1,1,1,0,0,1,0,1,1,0,0,0,1,0,0,1,1,1,0]
obj1: 0.57
obj2: 0.3
obj3: 0.5
--------------
solution: [1,1,0,0,1,1,0,0,1,0,0,0,1,0,0,0,0,0,0,0,1,1,0,1,1,0,1,0,1,0]
obj1: 0.53
obj2: 0.34
obj3: 0.53
--------------
solution: [0,1,0,0,1,1,0,0,0,0,0,0,1,0,0,0,0,1,0,0,0,0,0,0,0,0,0,0,1,0]
obj1: 0.5
obj2: 0.19
obj3: 0.62
--------------
solution: [0,1,0,0,1,1,0,0,1,0,0,0,1,0,0,0,0,0,0,0,1,1,0,1,1,0,1,0,0,0]
obj1: 0.52
obj2: 0.3
obj3: 0.54
--------------
solution: [0,1,0,0,0,0,1,1,1,0,0,1,1,1,1,1,1,0,0,0,0,1,0,1,0,0,1,1,1,0]
obj1: 0.57
obj2: 0.28
obj3: 0.52
--------------
solution: [0,0,1,1,1,0,0,0,1,0,0,1,0,1,0,0,0,0,1,0,0,0,1,1,1,0,1,0,0,1]
obj1: 0.65
obj2: 0.2
obj3: 0.53
--------------
solution: [0,1,1,1,0,0,1,0,0,0,0,1,1,0,1,0,1,0,0,0,0,0,0,1,1,1,0,0,1,1]
obj1: 0.6
obj2: 0.17
obj3: 0.72
--------------
solution: [0,1,0,0,0,0,1,0,1,0,0,0,1,0,0,0,0,0,1,0,1,1,0,1,1,0,1,0,1,1]
obj1: 0.54
obj2: 0.21
obj3: 0.55
--------------
solution: [0,1,0,1,0,0,0,0,0,0,0,0,1,0,0,0,0,0,1,0,1,1,1,1,1,0,1,0,1,1]
obj1: 0.58
obj2: 0.19
obj3: 0.6
--------------
solution: [0,0,0,1,0,0,1,0,1,0,0,0,1,0,0,0,0,1,1,0,0,0,1,0,0,0,1,1,1,1]
obj1: 0.61
obj2: 0.18
obj3: 0.54
--------------
solution: [0,0,0,1,0,0,1,0,0,0,0,1,1,1,1,0,0,0,1,0,0,0,1,1,0,0,1,1,1,1]
obj1: 0.61
obj2: 0.11
obj3: 0.67
--------------
solution: [0,1,0,0,0,1,0,0,1,0,0,1,0,1,0,0,0,0,0,0,0,0,0,0,1,1,0,1,0,0]
obj1: 0.44
obj2: 0.28
obj3: 0.61
--------------
solution: [0,1,0,0,1,1,1,0,0,0,0,0,1,0,0,0,0,0,1,0,1,0,1,1,1,0,1,0,1,0]
obj1: 0.55
obj2: 0.19
obj3: 0.61
--------------
solution: [0,1,1,1,1,0,1,0,0,0,1,0,1,1,0,1,1,0,0,0,1,1,1,0,1,0,1,0,1,1]
obj1: 0.63
obj2: 0.29
obj3: 0.48
--------------
solution: [0,1,1,1,0,1,0,0,0,0,0,0,1,0,0,0,0,1,0,0,0,0,0,0,0,0,0,0,1,0]
obj1: 0.47
obj2: 0.26
obj3: 0.57
--------------
