solution: [1,0,1,0,1,1,0,0,0,0,0,0,0,0,1,0,1,0,0,1,0,0,1,0,0,0,1,0,0,0]
obj1: 0.71
obj2: 0.16
obj3: 0.7
--------------
solution: [0,1,0,0,0,1,1,0,0,0,0,0,0,0,0,1,1,0,1,0,0,1,0,0,1,0,0,1,0,0]
obj1: 0.53
obj2: 0.63
obj3: 0.51
--------------
solution: [1,0,1,0,1,0,0,1,0,0,0,0,0,0,1,0,0,0,1,1,0,0,1,0,0,0,1,0,0,0]
obj1: 0.79
obj2: 0.13
obj3: 0.7
--------------
solution: [1,0,0,0,1,0,0,1,0,0,0,0,0,0,1,0,1,0,1,1,0,1,1,0,0,0,1,0,0,0]
obj1: 0.79
obj2: 0.16
obj3: 0.68
--------------
solution: [1,0,0,0,0,1,1,0,0,0,0,0,0,0,0,1,1,0,0,0,0,1,0,0,0,0,0,1,0,0]
obj1: 0.53
obj2: 0.5
obj3: 0.6
--------------
solution: [0,0,1,0,0,0,0,1,1,0,1,0,1,0,1,0,0,1,1,1,1,0,1,1,1,0,1,0,0,0]
obj1: 0.75
obj2: 0.39
obj3: 0.42
--------------
solution: [0,0,1,0,1,1,0,0,1,0,0,0,0,0,0,0,1,0,0,1,0,0,1,0,0,0,1,0,0,0]
obj1: 0.68
obj2: 0.25
obj3: 0.56
--------------
solution: [1,0,1,0,1,0,0,1,0,0,1,0,0,0,1,1,1,0,0,1,0,1,1,0,0,0,1,0,0,0]
obj1: 0.77
obj2: 0.17
obj3: 0.63
--------------
solution: [1,0,1,0,1,0,0,1,0,0,1,0,0,0,1,0,1,0,1,1,0,0,1,0,0,1,1,0,0,0]
obj1: 0.78
obj2: 0.21
obj3: 0.59
--------------
solution: [0,0,1,0,1,1,0,0,0,0,0,0,0,0,0,0,1,0,0,0,0,1,0,0,1,0,0,1,0,1]
obj1: 0.55
obj2: 0.48
obj3: 0.66
--------------
solution: [0,0,1,0,1,1,0,0,0,1,1,0,0,0,1,1,1,0,0,1,0,1,1,0,0,0,1,0,0,0]
obj1: 0.71
obj2: 0.27
obj3: 0.53
--------------
solution: [0,1,0,0,0,1,1,0,0,1,0,1,1,0,0,1,1,0,1,1,0,1,0,0,0,0,0,1,0,0]
obj1: 0.59
obj2: 0.6
obj3: 0.48
--------------
solution: [1,0,0,0,0,0,1,0,0,0,0,0,0,0,1,0,0,1,0,0,0,1,0,0,0,0,0,1,0,0]
obj1: 0.65
obj2: 0.35
obj3: 0.58
--------------
solution: [0,1,0,1,1,1,1,1,1,0,0,0,1,0,1,0,1,0,1,1,0,1,1,1,1,0,0,0,0,0]
obj1: 0.66
obj2: 0.47
obj3: 0.45
--------------
solution: [0,0,1,0,1,1,1,0,1,0,0,0,0,0,1,0,1,0,0,0,0,1,1,0,1,0,0,1,0,1]
obj1: 0.62
obj2: 0.41
obj3: 0.51
--------------
solution: [1,0,0,0,0,1,1,1,1,0,0,0,1,0,0,1,1,0,0,0,0,1,0,0,0,0,0,1,0,0]
obj1: 0.58
obj2: 0.54
obj3: 0.53
--------------
solution: [0,1,1,0,1,0,0,1,0,0,1,1,0,0,1,0,1,0,1,1,0,1,1,0,0,0,1,0,0,0]
obj1: 0.74
obj2: 0.33
obj3: 0.49
--------------
solution: [0,0,1,0,1,1,0,0,1,0,0,0,0,0,0,0,0,0,0,0,0,1,0,0,1,0,1,0,0,1]
obj1: 0.57
obj2: 0.43
obj3: 0.55
--------------
solution: [0,1,0,0,0,1,1,0,0,0,0,0,0,0,0,1,1,0,1,0,0,1,1,0,1,0,0,1,0,0]
obj1: 0.56
obj2: 0.57
obj3: 0.5
--------------
solution: [1,0,0,0,0,1,1,0,0,0,1,1,1,0,0,1,1,0,0,0,0,1,0,0,0,0,0,1,0,0]
obj1: 0.57
obj2: 0.55
obj3: 0.51
--------------
solution: [1,0,1,0,1,0,0,1,0,0,1,1,1,0,1,0,0,0,1,1,0,1,1,1,1,0,0,0,0,0]
obj1: 0.72
obj2: 0.35
obj3: 0.48
--------------
solution: [1,0,1,0,1,1,0,0,0,0,0,0,0,0,0,0,1,0,0,1,0,1,0,0,0,0,0,0,1,0]
obj1: 0.6
obj2: 0.33
obj3: 0.7
--------------
solution: [1,0,1,0,0,1,1,0,1,0,1,1,1,0,0,0,1,0,0,0,0,1,0,0,0,0,0,1,0,0]
obj1: 0.56
obj2: 0.52
obj3: 0.54
--------------
solution: [0,1,0,0,0,0,1,1,1,0,0,0,1,0,0,0,1,0,1,0,0,0,1,0,0,0,0,0,0,0]
obj1: 0.7
obj2: 0.57
obj3: 0.43
--------------
solution: [1,0,0,0,1,1,0,0,0,0,0,0,0,0,1,0,1,0,0,0,0,1,1,0,0,0,1,1,0,0]
obj1: 0.64
obj2: 0.31
obj3: 0.67
--------------
solution: [1,0,1,0,1,0,0,1,0,0,1,0,0,0,1,0,1,0,0,1,0,1,1,0,0,0,0,0,0,0]
obj1: 0.77
obj2: 0.14
obj3: 0.69
--------------
solution: [1,1,0,0,0,1,1,1,1,0,0,1,1,0,1,0,0,0,1,1,0,1,1,1,1,0,0,0,0,0]
obj1: 0.64
obj2: 0.48
obj3: 0.46
--------------
solution: [1,0,1,0,1,1,0,0,0,0,0,0,0,0,0,0,1,0,0,1,0,0,1,0,0,0,1,0,0,0]
obj1: 0.69
obj2: 0.18
obj3: 0.7
--------------
solution: [0,0,1,0,1,1,0,0,0,1,1,0,0,0,1,1,1,0,0,0,0,1,1,1,1,0,1,0,0,0]
obj1: 0.69
obj2: 0.36
obj3: 0.49
--------------
solution: [0,1,1,0,1,0,0,1,0,0,1,0,1,0,1,0,1,1,1,1,0,1,1,0,0,0,1,0,0,0]
obj1: 0.75
obj2: 0.32
obj3: 0.45
--------------
