solution: [1,0,0,1,1,0,0,0,0,0,1,0,1,0,1,0,0,0,0,1,1,1,0,1,0,0,0,1,0,0]
obj1: 0.52
obj2: 0.32
obj3: 0.82
--------------
solution: [0,1,1,1,0,0,0,0,1,0,0,0,0,0,1,1,1,0,1,1,0,1,1,1,1,0,1,0,0,1]
obj1: 0.59
obj2: 0.27
obj3: 0.7
--------------
solution: [0,1,1,1,0,0,0,0,0,0,0,1,0,0,1,1,1,0,1,1,0,1,1,1,1,0,1,0,0,1]
obj1: 0.58
obj2: 0.25
obj3: 0.8
--------------
solution: [0,1,1,1,0,0,1,1,1,1,0,1,1,0,0,1,0,0,1,1,1,0,0,1,1,1,0,1,1,0]
obj1: 0.56
obj2: 0.4
obj3: 0.6
--------------
solution: [1,0,0,1,0,0,0,0,1,0,0,0,0,0,1,0,0,0,0,1,1,1,0,1,0,0,0,1,0,0]
obj1: 0.48
obj2: 0.37
obj3: 0.69
--------------
solution: [0,1,0,0,0,0,1,0,0,0,0,1,0,1,0,0,0,1,1,0,0,1,1,1,1,0,1,1,0,0]
obj1: 0.57
obj2: 0.27
obj3: 0.8
--------------
solution: [0,1,1,1,1,0,0,0,0,0,1,0,1,0,1,0,0,0,0,1,1,1,0,1,0,0,0,1,0,1]
obj1: 0.52
obj2: 0.31
obj3: 0.83
--------------
solution: [1,0,0,1,0,1,0,0,1,1,0,1,1,0,1,0,0,0,0,1,1,1,0,1,0,0,0,1,0,0]
obj1: 0.46
obj2: 0.43
obj3: 0.74
--------------
solution: [0,1,1,1,0,1,0,0,0,0,0,1,1,0,1,0,1,1,1,1,1,0,1,1,1,0,1,0,0,1]
obj1: 0.56
obj2: 0.3
obj3: 0.7
--------------
solution: [0,1,0,1,0,0,1,1,1,1,0,1,1,0,0,1,0,0,1,1,1,0,0,1,1,1,1,1,1,0]
obj1: 0.55
obj2: 0.39
obj3: 0.62
--------------
solution: [0,1,0,1,0,1,1,0,1,0,1,0,1,1,0,1,0,0,1,1,0,1,1,1,1,1,1,1,0,0]
obj1: 0.53
obj2: 0.38
obj3: 0.68
--------------
solution: [1,0,0,1,1,0,0,0,0,0,0,1,1,0,1,0,0,0,0,1,1,1,0,1,0,0,0,1,0,0]
obj1: 0.46
obj2: 0.34
obj3: 0.8
--------------
solution: [0,1,1,1,0,0,0,0,1,0,0,0,0,0,0,1,1,1,1,1,0,1,1,1,0,0,0,1,0,1]
obj1: 0.57
obj2: 0.3
obj3: 0.65
--------------
solution: [1,1,0,1,0,1,0,0,0,0,0,0,0,1,1,0,0,0,1,0,1,1,1,1,0,1,0,1,0,1]
obj1: 0.54
obj2: 0.44
obj3: 0.64
--------------
solution: [0,1,1,0,1,0,0,0,1,0,1,1,0,0,1,1,1,0,1,1,0,1,0,0,1,0,1,1,1,1]
obj1: 0.56
obj2: 0.28
obj3: 0.82
--------------
solution: [1,0,0,0,0,0,1,0,0,0,0,0,0,0,1,1,0,1,0,1,0,1,0,1,0,0,0,1,0,0]
obj1: 0.61
obj2: 0.2
obj3: 0.79
--------------
solution: [0,1,1,1,0,0,1,1,1,1,0,1,0,1,0,0,0,1,1,0,1,0,0,1,1,1,0,1,1,0]
obj1: 0.59
obj2: 0.39
obj3: 0.59
--------------
solution: [0,1,1,0,1,0,0,0,1,0,1,1,1,0,1,0,1,0,1,1,1,0,1,0,0,0,0,1,1,1]
obj1: 0.53
obj2: 0.33
obj3: 0.81
--------------
solution: [0,1,1,1,0,0,0,0,0,0,0,1,0,0,1,1,1,0,1,0,1,1,1,1,0,0,1,0,0,1]
obj1: 0.55
obj2: 0.3
obj3: 0.74
--------------
