solution: [0,1,1,0,0,1,0,1,0,1,0,1,1,1,1,0,0,0,1,0,1,1,0,1,0,0,0,0,0,1]
obj1: 0.52
obj2: 0.43
obj3: 0.62
--------------
solution: [1,0,0,0,1,0,0,1,0,0,0,0,0,1,0,0,1,0,1,0,0,0,1,0,1,0,1,0,1,1]
obj1: 0.72
obj2: 0.17
obj3: 0.87
--------------
solution: [1,1,1,1,0,0,1,1,0,0,1,1,1,1,0,0,0,1,0,0,0,0,0,1,0,0,1,0,0,0]
obj1: 0.57
obj2: 0.32
obj3: 0.58
--------------
solution: [0,1,1,0,0,0,0,0,0,1,0,1,1,0,1,0,1,0,0,0,0,0,0,0,0,1,0,0,0,0]
obj1: 0.5
obj2: 0.43
obj3: 0.71
--------------
solution: [0,1,1,0,0,0,1,1,0,0,1,1,0,1,0,0,0,0,1,1,0,1,0,0,0,1,1,1,0,1]
obj1: 0.54
obj2: 0.35
obj3: 0.55
--------------
solution: [0,1,1,0,1,1,1,0,0,1,0,1,1,0,1,0,1,0,0,0,0,0,0,0,0,1,0,0,0,0]
obj1: 0.5
obj2: 0.41
obj3: 0.76
--------------
solution: [0,0,1,0,0,0,1,0,0,0,0,0,0,1,1,0,0,0,1,1,0,1,0,0,1,0,1,0,0,1]
obj1: 0.6
obj2: 0.18
obj3: 0.85
--------------
solution: [0,1,1,0,0,1,1,0,0,1,1,1,0,1,1,1,0,0,1,1,1,1,0,0,0,1,1,1,0,1]
obj1: 0.54
obj2: 0.38
obj3: 0.54
--------------
solution: [1,1,1,1,0,1,0,0,0,0,1,0,0,1,0,0,0,1,1,1,0,0,0,1,0,0,1,0,0,0]
obj1: 0.58
obj2: 0.23
obj3: 0.54
--------------
solution: [0,1,1,0,0,0,0,1,1,1,1,1,0,1,1,1,0,1,1,0,0,0,0,1,0,0,1,0,0,1]
obj1: 0.59
obj2: 0.31
obj3: 0.5
--------------
solution: [0,1,1,0,0,0,0,0,0,1,0,1,1,1,1,0,0,0,1,0,0,1,1,0,0,0,0,0,0,0]
obj1: 0.49
obj2: 0.34
obj3: 0.77
--------------
solution: [0,1,1,0,0,0,0,1,0,0,1,1,0,1,0,1,0,0,1,0,1,1,1,0,0,1,1,1,0,1]
obj1: 0.55
obj2: 0.4
obj3: 0.5
--------------
