solution: [0,0,0,0,0,0,1,0,1,0,0,1,1,1,1,1,1,0,1,1,1,0,0,1,0,1,0,0,0,1]
obj1: 0.52
obj2: 0.41
obj3: 0.63
--------------
solution: [0,0,1,0,0,1,1,1,0,1,0,0,1,0,1,1,0,0,1,1,0,0,0,1,1,0,1,1,0,0]
obj1: 0.59
obj2: 0.35
obj3: 0.6
--------------
solution: [0,1,0,0,0,0,0,0,1,0,1,1,1,1,1,0,1,1,1,1,0,0,0,1,0,1,1,1,1,1]
obj1: 0.53
obj2: 0.37
obj3: 0.7
--------------
solution: [0,1,0,1,1,1,0,1,1,1,0,0,1,1,0,0,0,1,1,0,0,0,0,1,0,0,0,0,0,0]
obj1: 0.54
obj2: 0.37
obj3: 0.69
--------------
solution: [1,0,0,1,0,0,1,1,0,1,0,0,0,0,0,1,0,0,0,1,0,0,0,1,0,1,1,0,1,0]
obj1: 0.71
obj2: 0.3
obj3: 0.7
--------------
solution: [1,0,1,1,0,1,0,1,1,1,0,0,1,1,0,0,0,1,1,0,1,1,0,1,1,0,1,1,0,1]
obj1: 0.6
obj2: 0.43
obj3: 0.57
--------------
solution: [0,1,0,1,0,1,0,1,0,1,0,0,0,1,0,1,0,0,1,0,0,0,0,0,1,1,0,0,1,1]
obj1: 0.6
obj2: 0.3
obj3: 0.71
--------------
solution: [0,1,0,1,0,0,0,1,0,1,0,1,0,1,0,1,1,0,0,0,0,0,1,1,1,0,1,1,0,1]
obj1: 0.62
obj2: 0.35
obj3: 0.53
--------------
solution: [0,1,1,0,0,1,0,0,0,1,0,1,0,1,0,1,1,0,1,1,0,0,1,1,1,0,1,1,0,0]
obj1: 0.55
obj2: 0.33
obj3: 0.64
--------------
solution: [0,1,0,0,0,0,0,0,0,1,0,0,0,1,1,0,1,0,0,0,0,0,1,1,0,0,0,1,1,1]
obj1: 0.66
obj2: 0.32
obj3: 0.67
--------------
solution: [0,1,1,0,0,1,0,0,0,1,0,0,1,0,0,1,1,0,1,0,1,1,0,1,1,0,1,1,0,0]
obj1: 0.54
obj2: 0.42
obj3: 0.6
--------------
solution: [0,1,0,1,0,1,0,1,1,0,1,1,1,1,0,1,0,0,1,0,0,0,0,0,1,1,0,0,1,1]
obj1: 0.51
obj2: 0.4
obj3: 0.65
--------------
solution: [0,1,0,1,0,1,0,1,0,1,0,1,1,1,1,1,1,0,1,0,0,0,0,0,1,1,1,0,1,1]
obj1: 0.55
obj2: 0.32
obj3: 0.7
--------------
solution: [0,1,0,1,0,1,0,1,1,0,0,0,0,1,0,1,0,0,1,0,0,0,1,0,1,1,0,0,1,1]
obj1: 0.59
obj2: 0.32
obj3: 0.68
--------------
solution: [1,1,0,1,1,1,1,1,0,1,0,0,0,1,0,1,0,0,1,0,0,0,1,0,1,0,0,0,0,0]
obj1: 0.63
obj2: 0.23
obj3: 0.82
--------------
solution: [0,1,0,1,0,1,0,1,1,0,1,1,1,1,0,1,0,0,1,1,0,0,0,1,1,1,0,0,1,1]
obj1: 0.53
obj2: 0.39
obj3: 0.65
--------------
solution: [0,1,0,1,0,1,0,0,0,1,0,1,0,1,0,1,1,0,0,0,0,0,1,1,1,0,1,1,0,1]
obj1: 0.58
obj2: 0.38
obj3: 0.62
--------------
solution: [0,1,0,1,0,1,0,0,1,1,0,1,0,1,0,1,0,0,0,0,0,1,0,0,1,0,1,1,0,1]
obj1: 0.5
obj2: 0.44
obj3: 0.71
--------------
solution: [0,1,0,1,0,0,0,1,0,1,0,0,0,1,0,1,1,0,0,0,0,0,1,1,1,0,1,1,0,1]
obj1: 0.67
obj2: 0.31
obj3: 0.56
--------------
solution: [1,1,0,1,0,1,0,0,0,0,0,0,0,0,0,1,0,1,1,1,0,0,0,0,0,1,1,0,1,0]
obj1: 0.55
obj2: 0.24
obj3: 0.72
--------------
solution: [0,1,0,1,0,1,0,0,0,1,0,0,0,1,0,1,0,0,1,1,0,1,0,0,1,0,1,1,0,1]
obj1: 0.54
obj2: 0.31
obj3: 0.74
--------------
solution: [0,1,1,0,0,1,1,1,0,1,0,0,0,1,0,1,0,0,1,1,0,0,1,1,1,1,1,1,0,0]
obj1: 0.61
obj2: 0.31
obj3: 0.7
--------------
solution: [0,1,0,0,1,0,0,0,1,0,0,1,1,1,1,0,1,1,0,1,0,0,0,0,1,0,1,1,0,1]
obj1: 0.52
obj2: 0.33
obj3: 0.88
--------------
