solution: [0,1,1,1,0,0,0,1,0,0,1,0,0,1,0,0,1,1,1,1,0,0,1,0,1,1,0,0,1,1]
obj1: 0.67
obj2: 0.08
obj3: 0.75
--------------
solution: [0,1,1,1,0,1,1,1,1,0,1,0,1,1,1,0,1,0,1,1,0,0,1,0,0,1,1,0,1,1]
obj1: 0.56
obj2: 0.19
obj3: 0.75
--------------
solution: [1,1,1,0,0,0,0,0,1,1,0,1,1,0,0,1,0,1,1,1,0,1,0,0,1,0,0,0,1,0]
obj1: 0.54
obj2: 0.12
obj3: 0.79
--------------
solution: [0,1,1,1,0,1,1,0,1,1,1,0,1,0,1,0,0,1,0,1,1,1,1,1,0,1,0,1,1,0]
obj1: 0.5
obj2: 0.22
obj3: 0.67
--------------
solution: [0,1,1,0,0,0,0,0,1,1,0,1,1,1,1,0,1,0,1,1,0,1,1,0,0,1,1,0,1,1]
obj1: 0.54
obj2: 0.18
obj3: 0.78
--------------
solution: [0,1,1,1,0,1,1,0,1,1,1,1,1,0,1,0,0,1,0,1,1,1,1,0,0,1,0,1,1,0]
obj1: 0.47
obj2: 0.22
obj3: 0.73
--------------
solution: [1,1,0,0,0,1,0,0,0,1,0,1,1,0,0,1,0,1,1,1,0,1,0,0,0,0,0,0,1,0]
obj1: 0.5
obj2: 0.16
obj3: 0.81
--------------
solution: [1,0,0,0,0,1,1,0,0,0,0,1,0,0,0,0,0,0,1,0,0,1,1,0,1,1,1,0,0,0]
obj1: 0.6
obj2: 0.18
obj3: 0.75
--------------
solution: [0,0,0,1,0,0,1,0,0,1,0,1,1,1,0,1,1,1,0,0,0,1,1,1,1,0,0,1,1,0]
obj1: 0.59
obj2: 0.11
obj3: 0.8
--------------
solution: [0,0,0,0,0,1,0,0,0,1,0,0,0,0,0,1,0,0,0,0,1,1,1,1,1,1,1,1,1,1]
obj1: 0.63
obj2: 0.27
obj3: 0.66
--------------
solution: [0,0,0,1,0,1,1,0,1,0,0,0,1,0,1,0,0,0,0,1,1,0,1,1,0,0,1,1,0,0]
obj1: 0.43
obj2: 0.27
obj3: 0.78
--------------
solution: [0,1,1,1,0,1,1,0,1,1,1,0,0,1,0,0,1,1,1,1,0,0,1,0,1,1,0,0,1,1]
obj1: 0.62
obj2: 0.13
obj3: 0.77
--------------
solution: [0,1,1,0,0,0,0,0,1,1,0,1,1,1,1,0,1,1,1,1,0,0,1,0,0,1,1,0,1,1]
obj1: 0.56
obj2: 0.16
obj3: 0.77
--------------
solution: [1,1,1,1,0,1,1,1,1,0,1,0,1,1,1,1,0,1,1,0,1,1,1,1,0,1,0,1,1,0]
obj1: 0.53
obj2: 0.21
obj3: 0.71
--------------
