solution: [0,0,0,1,0,0,0,0,0,0,1,1,0,0,1,0,0,0,1,1,0,0,1,0,0,0,0,1,0,1]
obj1: 0.55
obj2: 0.38
obj3: 0.53
--------------
solution: [0,1,0,1,0,0,0,0,0,0,1,0,0,1,1,0,1,0,0,1,1,0,0,1,1,1,0,1,0,0]
obj1: 0.58
obj2: 0.39
obj3: 0.5
--------------
solution: [0,0,0,1,0,1,1,1,1,0,0,0,0,1,1,1,0,0,1,1,0,0,1,0,1,0,0,1,1,0]
obj1: 0.61
obj2: 0.34
obj3: 0.53
--------------
solution: [1,1,1,0,1,0,1,0,1,0,0,0,0,0,1,0,1,0,0,1,0,0,0,1,0,0,1,0,1,0]
obj1: 0.63
obj2: 0.29
obj3: 0.65
--------------
solution: [1,0,1,0,0,1,1,0,0,0,0,1,0,1,0,1,1,0,1,1,0,1,1,0,1,1,1,1,0,0]
obj1: 0.59
obj2: 0.38
obj3: 0.42
--------------
solution: [1,0,1,0,0,1,0,0,1,0,1,0,1,1,1,0,1,0,1,1,1,1,1,0,1,1,1,0,1,0]
obj1: 0.6
obj2: 0.37
obj3: 0.58
--------------
