solution: [1,0,1,1,0,1,0,0,0,1,1,1,0,0,0,0,1,0,1,1,0,1,1,1,0,0,1,0,0,1]
obj1: 0.64
obj2: 0.49
obj3: 0.54
--------------
solution: [1,1,0,0,0,0,0,0,0,1,1,1,0,0,1,1,0,0,1,0,0,1,1,1,0,0,1,0,1,1]
obj1: 0.65
obj2: 0.44
obj3: 0.54
--------------
solution: [0,1,1,0,0,1,0,1,1,0,0,1,1,0,0,1,0,0,0,0,1,1,0,0,0,1,1,1,0,1]
obj1: 0.49
obj2: 0.62
obj3: 0.56
--------------
solution: [0,0,0,1,1,0,1,0,1,1,1,1,1,0,1,1,1,0,0,0,1,1,0,1,1,0,0,1,0,1]
obj1: 0.55
obj2: 0.57
obj3: 0.55
--------------
solution: [0,1,1,0,1,1,0,1,0,0,1,1,1,1,1,1,0,0,1,1,0,0,0,1,0,0,1,0,1,0]
obj1: 0.57
obj2: 0.49
obj3: 0.6
--------------
solution: [0,1,0,0,0,0,1,0,0,1,1,1,0,0,1,0,0,0,1,1,0,1,0,1,1,0,1,0,0,0]
obj1: 0.61
obj2: 0.5
obj3: 0.51
--------------
solution: [1,1,0,0,0,0,0,0,0,0,0,0,0,1,0,0,1,0,1,1,1,1,1,1,0,0,1,0,1,1]
obj1: 0.67
obj2: 0.46
obj3: 0.49
--------------
solution: [0,1,1,0,0,1,0,1,1,0,0,1,1,0,0,1,0,0,0,0,1,1,0,0,0,1,1,0,0,1]
obj1: 0.5
obj2: 0.6
obj3: 0.59
--------------
solution: [0,0,1,0,1,0,1,1,0,0,0,0,0,1,0,0,0,0,1,0,0,1,1,1,0,0,1,0,1,1]
obj1: 0.68
obj2: 0.37
obj3: 0.79
--------------
solution: [0,0,0,0,0,1,0,1,1,0,0,1,1,0,0,1,0,0,0,0,1,0,0,0,0,1,1,1,0,0]
obj1: 0.46
obj2: 0.66
obj3: 0.59
--------------
solution: [0,1,0,1,0,0,1,0,1,0,1,1,0,0,1,1,1,0,1,0,0,1,1,1,1,0,0,1,1,0]
obj1: 0.57
obj2: 0.51
obj3: 0.55
--------------
solution: [0,0,0,0,0,0,1,0,0,1,1,1,0,0,0,0,1,1,1,1,0,1,1,0,0,0,1,0,0,0]
obj1: 0.64
obj2: 0.45
obj3: 0.55
--------------
solution: [0,0,0,1,1,1,1,0,1,1,1,1,1,0,1,1,1,0,0,0,1,1,0,1,1,0,0,1,0,1]
obj1: 0.54
obj2: 0.58
obj3: 0.55
--------------
