solution: [1,1,0,1,0,0,1,1,1,0,0,0,0,0,1,0,0,1,1,1,1,0,1,0,1,1,1,0,1,0]
obj1: 0.67
obj2: 0.6
obj3: 0.47
--------------
solution: [0,0,1,1,1,1,0,0,1,1,0,1,1,1,0,0,1,0,0,1,0,1,0,1,0,1,1,0,1,1]
obj1: 0.57
obj2: 0.61
obj3: 0.55
--------------
solution: [0,1,1,0,1,0,1,0,0,0,1,1,1,1,0,1,0,1,1,0,1,0,0,1,1,0,1,0,0,1]
obj1: 0.57
obj2: 0.55
obj3: 0.59
--------------
solution: [0,0,0,1,1,0,1,1,0,1,1,0,0,1,1,1,1,0,0,0,1,1,0,0,1,0,1,0,1,1]
obj1: 0.61
obj2: 0.49
obj3: 0.59
--------------
solution: [1,1,0,0,0,0,1,0,1,0,0,1,0,0,0,1,0,1,1,0,1,1,0,0,0,0,1,0,0,0]
obj1: 0.57
obj2: 0.63
obj3: 0.52
--------------
solution: [1,0,1,1,1,1,1,1,1,1,0,1,1,0,1,0,0,0,0,0,0,1,0,1,1,0,1,1,1,1]
obj1: 0.56
obj2: 0.56
obj3: 0.6
--------------
solution: [0,0,1,0,0,1,1,0,1,0,1,0,0,1,1,0,1,0,0,1,0,0,0,1,1,0,1,1,1,1]
obj1: 0.62
obj2: 0.5
obj3: 0.52
--------------
solution: [0,1,0,1,1,1,0,1,0,1,0,0,0,1,1,1,1,0,1,1,1,0,0,1,0,0,0,1,0,1]
obj1: 0.59
obj2: 0.51
obj3: 0.59
--------------
solution: [0,0,1,0,0,1,1,0,1,1,0,1,1,0,1,1,0,0,1,0,0,0,0,1,1,0,1,1,1,1]
obj1: 0.58
obj2: 0.58
obj3: 0.54
--------------
solution: [1,0,1,1,1,1,1,1,1,0,1,0,0,1,1,0,1,0,0,1,0,1,0,1,1,0,1,1,1,1]
obj1: 0.6
obj2: 0.5
obj3: 0.59
--------------
solution: [0,1,1,0,1,0,0,0,0,1,0,0,0,1,1,1,1,1,0,0,0,0,0,1,0,1,0,0,0,1]
obj1: 0.62
obj2: 0.46
obj3: 0.61
--------------
solution: [1,1,0,0,0,0,0,1,1,0,1,1,1,0,0,1,1,1,1,1,0,1,1,0,1,0,1,1,1,0]
obj1: 0.62
obj2: 0.63
obj3: 0.44
--------------
solution: [0,0,1,0,1,0,0,0,0,1,0,1,1,1,1,0,1,0,0,1,0,0,0,1,1,0,0,1,0,0]
obj1: 0.55
obj2: 0.52
obj3: 0.63
--------------
solution: [1,1,1,0,1,1,1,1,1,0,1,1,1,1,1,1,0,1,1,1,0,0,1,0,1,0,0,0,0,1]
obj1: 0.59
obj2: 0.53
obj3: 0.48
--------------
solution: [1,0,0,1,0,0,0,1,1,0,1,1,1,0,0,1,1,0,1,0,0,0,0,0,0,1,1,0,0,1]
obj1: 0.58
obj2: 0.59
obj3: 0.49
--------------
