solution: [1,0,0,1,1,0,0,0,0,0,1,0,1,0,1,0,0,0,0,1,1,1,0,1,0,0,0,1,0,0]
obj1: 0.52
obj2: 0.32
obj3: 0.82
--------------
solution: [0,1,1,0,1,0,0,0,1,0,1,1,1,0,1,0,1,1,1,1,1,0,0,0,1,0,1,1,1,1]
obj1: 0.56
obj2: 0.29
obj3: 0.84
--------------
solution: [0,1,0,0,1,0,0,0,1,0,1,0,1,1,0,0,1,1,1,0,1,0,0,0,0,0,1,0,0,1]
obj1: 0.56
obj2: 0.31
obj3: 0.81
--------------
solution: [1,1,0,1,0,1,0,0,0,0,0,0,0,1,1,0,1,0,1,0,0,1,1,0,0,0,0,0,0,0]
obj1: 0.53
obj2: 0.36
obj3: 0.81
--------------
solution: [0,1,1,1,0,0,0,0,1,0,0,0,0,0,1,1,1,0,1,1,0,1,1,1,1,0,1,0,0,1]
obj1: 0.59
obj2: 0.27
obj3: 0.7
--------------
solution: [0,1,1,1,0,0,0,0,0,0,0,1,0,0,1,1,1,0,1,1,0,1,1,1,1,0,1,0,0,1]
obj1: 0.58
obj2: 0.25
obj3: 0.8
--------------
solution: [0,1,1,1,0,0,1,1,1,1,0,1,1,0,0,1,0,0,1,1,1,0,0,1,1,1,0,1,1,0]
obj1: 0.56
obj2: 0.4
obj3: 0.6
--------------
solution: [1,0,0,1,0,0,0,0,1,0,0,0,0,0,1,0,0,0,0,1,1,1,0,1,0,0,0,1,0,0]
obj1: 0.48
obj2: 0.37
obj3: 0.69
--------------
solution: [0,1,0,0,0,0,1,0,0,0,0,1,0,1,0,0,0,1,1,0,0,1,1,1,1,0,1,1,0,0]
obj1: 0.57
obj2: 0.27
obj3: 0.8
--------------
solution: [0,1,1,1,1,0,0,0,0,0,1,0,1,0,1,0,0,0,0,1,1,1,0,1,0,0,0,1,0,1]
obj1: 0.52
obj2: 0.31
obj3: 0.83
--------------
solution: [0,1,0,0,0,1,1,0,1,0,0,1,0,1,0,0,0,1,1,0,1,0,1,1,1,0,1,1,0,1]
obj1: 0.56
obj2: 0.35
obj3: 0.73
--------------
