solution: [1,1,0,0,0,0,0,0,0,1,1,1,0,0,1,1,0,0,1,0,0,1,1,1,0,0,1,0,1,1]
obj1: 0.65
obj2: 0.44
obj3: 0.54
--------------
solution: [0,1,1,0,0,1,0,1,1,0,0,1,1,0,0,1,0,0,0,0,1,1,0,0,0,1,1,1,0,1]
obj1: 0.49
obj2: 0.62
obj3: 0.56
--------------
solution: [1,1,0,0,0,0,0,0,0,0,0,0,0,1,0,0,1,0,1,1,1,1,1,1,0,0,1,0,1,1]
obj1: 0.67
obj2: 0.46
obj3: 0.49
--------------
solution: [0,0,1,0,1,0,1,1,0,0,0,0,0,1,0,0,0,0,1,0,0,1,1,1,0,0,1,0,1,1]
obj1: 0.68
obj2: 0.37
obj3: 0.79
--------------
solution: [0,0,0,0,0,0,1,0,0,1,1,1,0,0,0,0,1,1,1,1,0,1,1,0,0,0,1,0,0,0]
obj1: 0.64
obj2: 0.45
obj3: 0.55
--------------
solution: [0,0,0,0,0,0,1,0,1,0,0,1,1,0,0,1,0,0,0,0,1,0,0,0,0,1,1,1,0,0]
obj1: 0.45
obj2: 0.64
obj3: 0.54
--------------
solution: [0,1,1,0,1,1,0,1,0,0,1,1,1,1,1,0,0,0,0,0,0,0,0,1,0,0,1,0,0,0]
obj1: 0.52
obj2: 0.51
obj3: 0.64
--------------
solution: [0,1,0,0,0,0,1,0,1,0,1,0,0,1,0,0,0,0,1,0,0,1,1,1,0,0,1,1,1,0]
obj1: 0.62
obj2: 0.48
obj3: 0.52
--------------
solution: [0,1,1,0,1,1,0,1,0,0,1,1,1,1,1,0,0,0,1,0,1,1,1,1,0,0,1,0,0,0]
obj1: 0.54
obj2: 0.5
obj3: 0.64
--------------
solution: [0,0,0,1,0,1,0,1,1,0,0,1,1,0,0,0,1,0,1,1,0,1,1,0,0,0,1,0,0,0]
obj1: 0.52
obj2: 0.55
obj3: 0.55
--------------
solution: [0,0,0,0,0,0,0,0,0,1,1,1,0,0,1,1,0,1,1,1,0,1,1,0,0,0,1,0,0,0]
obj1: 0.63
obj2: 0.44
obj3: 0.56
--------------
solution: [0,1,1,0,0,1,0,1,1,0,0,1,1,0,1,1,1,0,0,1,1,1,0,0,0,1,0,1,0,1]
obj1: 0.5
obj2: 0.6
obj3: 0.58
--------------
solution: [0,1,1,0,0,1,0,1,1,0,0,1,1,0,0,1,0,0,1,0,0,1,1,1,0,0,1,0,1,0]
obj1: 0.55
obj2: 0.51
obj3: 0.52
--------------
solution: [0,0,0,0,0,0,1,0,0,0,0,0,0,1,0,0,0,0,1,0,0,0,1,1,0,0,1,0,1,1]
obj1: 0.72
obj2: 0.33
obj3: 0.77
--------------
solution: [0,1,1,0,0,1,0,1,1,0,0,1,1,0,0,0,1,0,1,1,1,1,1,1,0,0,1,0,1,1]
obj1: 0.57
obj2: 0.53
obj3: 0.5
--------------
solution: [0,1,1,0,0,1,0,1,1,0,0,1,1,0,1,1,1,0,0,1,1,1,0,0,0,1,1,1,0,1]
obj1: 0.51
obj2: 0.58
obj3: 0.56
--------------
solution: [0,1,1,0,0,1,0,1,0,1,1,1,0,0,0,0,1,0,1,1,0,1,1,0,0,0,1,0,0,0]
obj1: 0.59
obj2: 0.49
obj3: 0.45
--------------
solution: [0,1,0,0,0,0,1,0,1,0,0,1,1,0,1,1,0,0,1,1,0,1,1,1,1,0,1,0,0,1]
obj1: 0.55
obj2: 0.49
obj3: 0.56
--------------
solution: [0,1,1,0,0,1,0,1,0,0,0,0,0,1,0,0,0,0,1,0,0,1,1,1,0,0,1,1,0,1]
obj1: 0.61
obj2: 0.47
obj3: 0.56
--------------
solution: [0,0,1,0,1,0,0,1,1,0,0,1,1,0,0,1,0,0,0,0,1,1,0,0,0,0,1,1,0,1]
obj1: 0.5
obj2: 0.56
obj3: 0.67
--------------
solution: [1,0,0,0,0,0,0,0,0,0,0,0,0,1,0,1,0,0,0,0,0,1,1,1,0,0,1,0,1,1]
obj1: 0.72
obj2: 0.38
obj3: 0.63
--------------
solution: [0,1,1,0,1,1,0,0,0,0,1,1,1,1,1,0,0,0,0,0,1,0,0,0,0,1,1,1,0,0]
obj1: 0.48
obj2: 0.6
obj3: 0.66
--------------
solution: [0,0,0,1,1,1,1,0,0,0,0,1,0,0,0,0,1,1,1,0,0,1,1,0,0,0,1,0,0,0]
obj1: 0.58
obj2: 0.48
obj3: 0.8
--------------
