solution: [0,1,1,1,0,1,1,0,1,1,1,0,0,0,1,1,0,1,1,0,1,1,0,1,0,1,0,1,1,0]
obj1: 0.5
obj2: 0.23
obj3: 0.74
--------------
solution: [0,1,0,1,0,1,0,0,0,1,0,0,0,0,1,0,0,1,1,0,0,1,1,1,1,0,0,1,0,1]
obj1: 0.57
obj2: 0.25
obj3: 0.69
--------------
solution: [0,0,0,1,0,1,1,0,1,0,0,0,1,0,1,0,0,1,0,1,1,1,1,0,1,0,1,1,1,0]
obj1: 0.49
obj2: 0.27
obj3: 0.83
--------------
solution: [0,1,1,1,0,0,0,1,0,0,1,0,0,1,0,0,1,1,1,1,0,0,1,0,1,1,0,0,1,1]
obj1: 0.67
obj2: 0.08
obj3: 0.75
--------------
solution: [0,1,1,1,0,1,1,1,1,0,1,0,1,1,1,0,1,0,1,1,0,0,1,0,0,1,1,0,1,1]
obj1: 0.56
obj2: 0.19
obj3: 0.75
--------------
solution: [1,1,1,0,0,0,0,0,1,1,0,1,1,0,0,1,0,1,1,1,0,1,0,0,1,0,0,0,1,0]
obj1: 0.54
obj2: 0.12
obj3: 0.79
--------------
