solution: [0,0,1,1,0,1,0,0,1,1,0,1,0,0,1,0,1,0,1,1,0,1,0,1,1,1,0,1,1,1]
obj1: 0.55
obj2: 0.49
obj3: 0.55
--------------
solution: [0,1,0,1,0,1,1,1,1,0,1,0,1,1,0,0,1,1,0,1,1,0,0,1,1,0,1,0,1,0]
obj1: 0.55
obj2: 0.42
obj3: 0.59
--------------
solution: [0,0,1,1,1,1,0,0,1,0,0,0,1,1,1,0,0,1,0,0,1,0,1,1,0,1,0,0,0,0]
obj1: 0.53
obj2: 0.45
obj3: 0.59
--------------
solution: [0,1,0,1,0,0,0,1,0,1,1,0,1,1,0,0,0,1,1,0,1,1,0,1,0,0,0,0,1,0]
obj1: 0.54
obj2: 0.45
obj3: 0.56
--------------
solution: [0,1,1,1,0,1,0,0,1,0,0,0,1,1,1,0,0,0,1,0,0,1,0,0,0,0,0,1,1,0]
obj1: 0.42
obj2: 0.44
obj3: 0.64
--------------
solution: [0,0,1,1,0,1,0,0,1,1,0,1,0,1,0,0,1,1,1,1,1,1,0,1,1,1,0,1,1,1]
obj1: 0.54
obj2: 0.5
obj3: 0.55
--------------
solution: [1,0,1,0,0,0,1,0,0,1,0,0,0,1,1,0,0,0,1,0,0,0,0,1,1,0,1,0,1,0]
obj1: 0.66
obj2: 0.25
obj3: 0.84
--------------
solution: [0,1,1,1,0,1,0,0,1,0,0,0,0,1,1,0,0,0,1,0,0,0,0,1,1,0,1,0,1,0]
obj1: 0.5
obj2: 0.31
obj3: 0.66
--------------
solution: [0,1,1,1,0,0,0,0,1,0,0,1,1,1,1,0,0,0,1,0,0,1,0,0,1,0,0,1,1,0]
obj1: 0.47
obj2: 0.43
obj3: 0.63
--------------
solution: [0,1,1,1,0,1,0,0,1,0,0,0,0,1,1,0,0,0,1,0,0,0,0,0,1,0,1,1,1,0]
obj1: 0.48
obj2: 0.32
obj3: 0.67
--------------
solution: [0,1,1,1,0,1,0,0,1,0,0,0,0,1,1,0,0,0,1,0,0,1,0,0,0,0,0,1,1,0]
obj1: 0.43
obj2: 0.4
obj3: 0.68
--------------
solution: [0,0,1,0,0,0,0,1,1,0,1,1,0,1,0,0,0,1,1,1,0,0,1,0,0,0,1,1,1,1]
obj1: 0.6
obj2: 0.42
obj3: 0.54
--------------
solution: [0,1,1,1,0,1,0,0,1,1,0,1,1,1,0,0,0,1,1,0,1,0,0,1,0,1,0,0,0,0]
obj1: 0.45
obj2: 0.52
obj3: 0.56
--------------
solution: [0,1,1,1,0,1,0,0,1,0,0,0,1,1,1,0,0,0,1,0,0,0,0,1,1,0,1,0,1,0]
obj1: 0.49
obj2: 0.35
obj3: 0.62
--------------
solution: [0,0,0,1,1,1,0,0,0,0,0,0,0,1,1,0,0,0,1,0,0,0,0,0,0,1,0,1,0,0]
obj1: 0.46
obj2: 0.35
obj3: 0.83
--------------
solution: [0,1,1,1,0,1,0,0,1,1,0,1,1,1,1,0,0,1,1,0,1,0,0,1,0,1,0,0,0,0]
obj1: 0.46
obj2: 0.49
obj3: 0.56
--------------
solution: [0,0,1,1,1,1,0,1,0,1,0,0,0,1,1,0,0,0,1,1,0,0,1,0,0,0,1,0,0,0]
obj1: 0.58
obj2: 0.25
obj3: 0.88
--------------
solution: [0,1,1,1,0,1,0,0,1,0,0,0,1,1,0,0,0,0,1,1,0,1,0,0,0,0,0,0,1,0]
obj1: 0.4
obj2: 0.4
obj3: 0.74
--------------
solution: [0,0,1,1,1,1,0,0,1,0,0,0,0,1,1,0,0,0,0,1,1,0,1,1,0,1,0,1,0,0]
obj1: 0.51
obj2: 0.43
obj3: 0.6
--------------
solution: [0,1,1,1,0,1,0,0,1,0,0,1,1,0,0,0,0,0,1,1,0,1,0,0,0,0,0,1,1,0]
obj1: 0.39
obj2: 0.51
obj3: 0.64
--------------
solution: [1,1,0,1,1,1,1,0,0,1,0,0,0,1,0,0,0,1,1,1,1,0,1,0,1,0,1,1,0,0]
obj1: 0.55
obj2: 0.28
obj3: 0.74
--------------
solution: [0,1,1,1,0,1,0,0,1,0,0,0,0,1,0,0,0,1,1,1,1,0,0,0,0,0,0,1,1,0]
obj1: 0.41
obj2: 0.4
obj3: 0.7
--------------
solution: [0,0,1,1,1,0,0,0,1,0,0,0,1,1,1,1,1,1,0,1,1,0,1,1,0,1,0,1,0,0]
obj1: 0.56
obj2: 0.44
obj3: 0.51
--------------
solution: [0,0,1,1,1,1,0,0,1,1,1,1,0,1,0,0,0,0,1,1,1,1,0,1,0,0,0,0,0,0]
obj1: 0.5
obj2: 0.48
obj3: 0.59
--------------
solution: [0,1,1,1,0,0,0,0,1,0,0,1,1,1,1,0,0,0,1,0,0,1,0,0,0,0,0,1,1,0]
obj1: 0.44
obj2: 0.46
obj3: 0.63
--------------
solution: [0,1,1,1,0,1,0,0,1,0,1,0,0,1,0,0,0,1,1,1,0,0,1,0,0,0,1,0,1,0]
obj1: 0.5
obj2: 0.3
obj3: 0.73
--------------
