solution: [0,1,0,1,0,1,0,0,1,1,0,1,1,0,1,1,0,0,1,1,1,0,0,0,0,0,0,0,0,1]
obj1: 0.47
obj2: 0.5
obj3: 0.56
--------------
solution: [1,1,0,0,0,1,0,0,0,0,0,1,1,1,0,0,0,0,1,0,1,0,0,0,0,0,0,1,1,0]
obj1: 0.42
obj2: 0.47
obj3: 0.72
--------------
solution: [0,1,1,0,1,0,0,1,1,1,1,0,0,1,1,1,0,1,1,1,0,1,1,1,0,0,1,0,0,0]
obj1: 0.65
obj2: 0.37
obj3: 0.49
--------------
solution: [1,1,0,1,0,0,0,0,0,0,0,0,0,1,1,0,0,0,0,1,1,0,0,0,0,0,0,0,0,0]
obj1: 0.53
obj2: 0.19
obj3: 0.9
--------------
solution: [1,1,0,1,0,1,0,0,0,0,0,0,0,1,1,0,0,0,1,1,1,0,1,0,1,0,1,0,0,0]
obj1: 0.53
obj2: 0.2
obj3: 0.8
--------------
solution: [1,1,0,1,0,0,0,0,1,0,0,0,1,1,0,1,0,0,1,1,1,1,0,0,0,0,0,0,0,0]
obj1: 0.48
obj2: 0.38
obj3: 0.55
--------------
solution: [1,1,0,1,0,0,0,0,0,0,0,0,0,1,1,1,1,1,1,1,0,0,1,0,1,1,1,0,0,0]
obj1: 0.64
obj2: 0.2
obj3: 0.61
--------------
solution: [1,1,0,1,0,0,0,0,0,0,0,0,0,1,1,0,0,0,1,1,1,1,0,0,0,0,0,0,0,0]
obj1: 0.5
obj2: 0.23
obj3: 0.76
--------------
solution: [0,1,0,1,0,1,0,0,0,0,0,0,0,1,1,0,0,0,1,1,1,0,1,0,1,0,1,0,0,1]
obj1: 0.53
obj2: 0.26
obj3: 0.65
--------------
solution: [1,0,0,1,0,1,0,0,0,0,0,1,1,1,0,0,0,0,1,0,1,0,0,0,0,0,0,0,1,0]
obj1: 0.44
obj2: 0.45
obj3: 0.75
--------------
solution: [0,1,1,0,0,0,0,0,1,0,0,0,0,1,1,1,0,1,1,1,0,0,1,0,0,0,1,1,0,0]
obj1: 0.58
obj2: 0.29
obj3: 0.53
--------------
solution: [0,1,0,1,0,1,0,0,1,1,0,1,1,0,1,1,0,0,1,1,1,0,0,0,0,0,0,0,0,0]
obj1: 0.44
obj2: 0.47
obj3: 0.6
--------------
solution: [1,1,0,1,0,0,0,0,0,1,0,0,1,0,0,1,0,0,0,1,0,1,0,0,0,1,1,1,0,0]
obj1: 0.56
obj2: 0.44
obj3: 0.52
--------------
solution: [1,1,0,1,0,0,1,0,0,0,1,0,0,1,1,1,0,1,1,1,0,0,0,0,0,0,0,0,0,0]
obj1: 0.57
obj2: 0.23
obj3: 0.7
--------------
solution: [1,1,0,1,0,0,0,0,0,0,0,0,0,1,1,1,0,1,1,1,0,1,1,1,1,0,0,0,0,0]
obj1: 0.61
obj2: 0.27
obj3: 0.62
--------------
solution: [1,1,0,0,0,1,0,0,0,0,0,0,0,1,1,0,0,0,1,1,1,1,0,0,0,0,0,1,1,0]
obj1: 0.47
obj2: 0.33
obj3: 0.69
--------------
solution: [1,1,0,1,0,0,0,0,0,0,0,0,0,0,1,1,1,1,1,1,1,0,0,0,1,0,0,0,0,0]
obj1: 0.6
obj2: 0.22
obj3: 0.72
--------------
solution: [1,0,1,1,1,0,0,0,1,0,1,0,1,1,0,1,0,0,1,1,0,0,0,1,0,0,0,0,1,0]
obj1: 0.61
obj2: 0.41
obj3: 0.5
--------------
solution: [0,1,0,1,0,1,0,0,0,0,0,0,0,1,0,1,0,0,1,1,1,0,1,0,1,0,1,0,0,1]
obj1: 0.52
obj2: 0.3
obj3: 0.67
--------------
solution: [1,1,1,1,0,1,1,0,1,0,0,1,1,1,0,1,0,0,0,1,1,1,0,0,0,1,1,1,0,0]
obj1: 0.5
obj2: 0.49
obj3: 0.54
--------------
solution: [1,0,0,1,0,1,0,0,0,0,0,1,1,1,0,1,0,0,1,1,1,0,0,0,0,0,0,0,1,0]
obj1: 0.46
obj2: 0.42
obj3: 0.75
--------------
solution: [1,1,0,1,0,0,0,0,0,0,0,0,0,0,1,1,1,0,1,1,1,0,0,0,1,0,0,0,0,0]
obj1: 0.59
obj2: 0.2
obj3: 0.73
--------------
solution: [1,1,0,1,0,0,0,0,1,0,0,0,0,1,1,1,0,0,1,1,1,1,0,0,0,0,0,1,1,0]
obj1: 0.52
obj2: 0.35
obj3: 0.58
--------------
solution: [0,1,1,1,0,0,1,1,1,0,1,0,0,0,1,1,1,1,1,1,0,0,0,0,0,1,1,1,0,0]
obj1: 0.61
obj2: 0.37
obj3: 0.51
--------------
solution: [1,1,0,1,0,0,0,0,1,0,0,0,0,1,1,1,0,0,0,1,1,0,0,0,0,0,0,0,0,0]
obj1: 0.54
obj2: 0.29
obj3: 0.59
--------------
solution: [1,1,0,0,0,0,0,0,1,0,0,0,1,1,0,1,0,0,1,1,1,1,0,0,1,0,0,0,0,0]
obj1: 0.51
obj2: 0.37
obj3: 0.55
--------------
solution: [1,1,0,1,0,0,0,0,0,0,0,1,1,1,0,0,0,0,1,0,1,0,0,0,0,1,0,0,0,0]
obj1: 0.47
obj2: 0.43
obj3: 0.59
--------------
solution: [1,1,1,0,1,0,0,0,1,1,1,0,0,1,1,1,0,1,1,1,0,1,1,1,0,0,1,0,0,0]
obj1: 0.65
obj2: 0.35
obj3: 0.51
--------------
solution: [1,1,0,0,0,1,0,0,0,0,0,0,0,1,1,0,0,0,1,1,1,0,0,0,0,0,0,0,1,0]
obj1: 0.47
obj2: 0.24
obj3: 0.75
--------------
solution: [0,1,0,1,0,1,0,0,1,0,0,0,0,1,0,1,0,0,1,1,1,0,1,0,1,0,1,0,0,0]
obj1: 0.5
obj2: 0.31
obj3: 0.72
--------------
