solution: [0,1,1,0,0,0,0,1,1,1,0,1,1,0,1,0,1,0,0,1,0,1,1,0,1,1,1,1,1,0]
obj1: 0.54
obj2: 0.24
obj3: 0.63
--------------
solution: [0,0,0,1,1,0,0,1,1,0,0,1,1,0,1,0,1,0,0,0,0,1,1,0,1,1,1,1,0,0]
obj1: 0.53
obj2: 0.25
obj3: 0.62
--------------
solution: [0,0,0,1,0,0,0,1,1,0,0,0,1,0,1,1,1,1,0,1,0,0,1,1,1,1,1,1,0,0]
obj1: 0.57
obj2: 0.32
obj3: 0.57
--------------
solution: [1,1,0,1,1,0,1,0,1,1,0,1,1,0,1,0,1,0,1,1,0,1,1,0,1,1,1,1,0,1]
obj1: 0.55
obj2: 0.22
obj3: 0.64
--------------
solution: [0,0,0,1,0,0,0,1,1,0,0,0,1,0,1,0,0,0,1,1,0,0,1,0,0,0,1,1,0,0]
obj1: 0.46
obj2: 0.16
obj3: 0.7
--------------
solution: [0,0,0,1,0,1,1,0,1,0,0,0,1,0,1,0,0,1,0,1,1,1,0,1,0,0,0,1,1,0]
obj1: 0.41
obj2: 0.35
obj3: 0.76
--------------
solution: [1,1,0,0,0,0,0,1,0,0,1,0,0,1,1,0,1,0,1,1,0,0,1,0,0,0,1,1,0,1]
obj1: 0.64
obj2: 0.13
obj3: 0.71
--------------
solution: [0,0,0,1,0,0,0,1,1,0,0,0,1,0,1,0,0,1,1,1,0,1,1,1,0,1,1,1,1,0]
obj1: 0.51
obj2: 0.28
obj3: 0.6
--------------
solution: [1,0,1,0,0,0,0,1,1,1,0,1,1,0,1,0,1,0,1,1,0,0,1,0,1,0,1,1,0,0]
obj1: 0.58
obj2: 0.18
obj3: 0.66
--------------
solution: [0,0,1,0,1,0,0,1,0,0,0,0,0,1,1,0,1,0,1,1,0,0,1,0,0,0,1,1,0,0]
obj1: 0.61
obj2: 0.1
obj3: 0.88
--------------
solution: [1,1,0,1,0,1,1,0,1,1,1,1,1,0,1,0,0,0,0,1,0,1,1,1,0,1,0,1,0,0]
obj1: 0.47
obj2: 0.34
obj3: 0.6
--------------
solution: [1,1,0,0,0,0,0,1,0,1,1,0,0,1,0,0,1,0,1,1,0,1,1,0,1,1,1,1,0,1]
obj1: 0.66
obj2: 0.21
obj3: 0.63
--------------
solution: [0,0,0,1,0,0,0,0,1,0,0,0,0,0,0,0,0,0,1,1,1,0,0,0,0,1,0,1,0,0]
obj1: 0.33
obj2: 0.28
obj3: 0.79
--------------
solution: [0,1,1,0,1,0,0,1,0,0,0,1,1,1,1,0,0,0,1,1,0,0,0,0,0,0,1,0,1,1]
obj1: 0.54
obj2: 0.13
obj3: 0.89
--------------
solution: [0,0,0,1,0,0,0,0,1,0,0,0,1,0,1,0,1,0,1,1,0,0,1,0,0,0,0,1,0,0]
obj1: 0.42
obj2: 0.2
obj3: 0.68
--------------
solution: [1,1,0,0,0,0,0,1,0,0,0,0,0,1,1,0,1,0,1,1,0,0,1,0,0,0,1,1,0,1]
obj1: 0.63
obj2: 0.1
obj3: 0.75
--------------
solution: [0,0,0,1,1,0,0,1,1,0,0,0,1,0,1,0,0,0,1,1,0,0,1,0,0,0,1,1,0,0]
obj1: 0.49
obj2: 0.15
obj3: 0.81
--------------
solution: [0,0,0,1,0,0,0,0,1,0,0,0,0,0,0,0,0,0,0,1,1,0,0,0,0,1,0,1,0,0]
obj1: 0.31
obj2: 0.32
obj3: 0.79
--------------
solution: [1,0,1,0,1,0,0,1,0,0,0,1,1,1,1,0,0,0,1,1,0,0,0,0,0,0,0,1,1,0]
obj1: 0.53
obj2: 0.14
obj3: 0.79
--------------
solution: [0,0,0,1,0,0,0,1,1,0,0,1,1,0,1,0,1,0,1,1,0,0,1,1,1,1,1,1,1,0]
obj1: 0.53
obj2: 0.26
obj3: 0.6
--------------
solution: [0,0,0,1,0,0,0,1,1,0,0,0,1,0,1,1,1,1,0,1,0,1,1,1,1,1,1,1,0,0]
obj1: 0.55
obj2: 0.33
obj3: 0.57
--------------
