solution: [0,0,1,0,0,1,0,0,1,1,1,1,1,0,0,0,0,1,1,1,0,0,1,1,0,1,1,1,0,1]
obj1: 0.53
obj2: 0.46
obj3: 0.52
--------------
solution: [0,1,1,0,0,0,0,1,1,1,0,0,1,0,0,0,0,1,1,0,0,0,1,0,1,0,1,0,1,1]
obj1: 0.64
obj2: 0.32
obj3: 0.67
--------------
solution: [0,1,1,0,0,0,0,0,1,0,1,1,1,0,1,0,0,0,0,1,1,1,0,1,0,0,0,1,0,1]
obj1: 0.43
obj2: 0.55
obj3: 0.54
--------------
solution: [0,1,0,1,0,1,1,0,1,0,0,1,1,1,0,1,0,0,1,1,0,1,0,1,0,0,1,1,1,0]
obj1: 0.41
obj2: 0.37
obj3: 0.71
--------------
solution: [1,1,0,0,0,0,1,0,0,0,0,1,0,0,0,0,0,1,1,1,0,1,0,0,1,0,1,0,0,1]
obj1: 0.58
obj2: 0.2
obj3: 0.88
--------------
solution: [0,1,1,1,0,1,1,0,0,0,0,1,0,0,0,0,0,1,1,1,0,0,0,0,1,0,1,0,0,0]
obj1: 0.47
obj2: 0.24
obj3: 0.86
--------------
solution: [0,1,1,1,0,1,1,0,1,0,0,1,0,1,0,0,0,1,1,1,0,0,0,0,1,0,1,0,0,0]
obj1: 0.46
obj2: 0.27
obj3: 0.79
--------------
solution: [0,1,0,1,0,1,0,0,1,1,0,1,1,1,0,0,0,1,1,1,0,1,0,1,0,0,1,1,1,0]
obj1: 0.43
obj2: 0.39
obj3: 0.64
--------------
solution: [1,1,1,1,0,0,1,0,1,0,0,1,0,1,0,0,0,1,1,1,0,0,0,0,1,0,1,0,1,1]
obj1: 0.56
obj2: 0.24
obj3: 0.78
--------------
solution: [0,1,1,1,0,0,0,0,1,0,0,1,0,0,0,0,0,1,1,1,0,0,0,0,1,0,1,0,1,0]
obj1: 0.49
obj2: 0.26
obj3: 0.72
--------------
solution: [0,1,1,0,0,0,0,0,1,0,1,1,1,0,1,1,0,0,0,1,1,1,0,1,0,0,0,1,0,1]
obj1: 0.44
obj2: 0.53
obj3: 0.58
--------------
solution: [0,0,1,0,0,0,0,1,1,0,0,0,1,0,0,0,1,1,1,1,0,0,1,1,0,1,1,1,0,1]
obj1: 0.6
obj2: 0.41
obj3: 0.56
--------------
solution: [0,1,0,1,0,1,0,1,1,0,1,0,1,1,0,0,0,1,1,1,0,1,0,1,0,0,1,1,1,0]
obj1: 0.47
obj2: 0.35
obj3: 0.58
--------------
solution: [0,1,0,0,1,0,0,0,1,0,0,0,1,0,0,0,1,1,1,1,0,0,1,1,1,0,1,0,1,1]
obj1: 0.61
obj2: 0.29
obj3: 0.7
--------------
solution: [0,1,1,0,0,0,0,1,1,0,0,0,1,0,0,0,1,1,1,0,0,0,1,0,1,0,1,0,1,1]
obj1: 0.64
obj2: 0.3
obj3: 0.68
--------------
solution: [0,1,0,1,0,1,1,0,1,0,0,1,0,1,0,1,0,0,1,1,0,1,0,1,0,0,1,1,1,0]
obj1: 0.42
obj2: 0.34
obj3: 0.77
--------------
solution: [0,1,1,0,0,0,0,1,1,0,0,0,1,0,0,0,1,1,1,1,0,1,0,1,1,0,1,0,1,1]
obj1: 0.58
obj2: 0.31
obj3: 0.69
--------------
solution: [0,1,1,0,0,1,0,0,1,1,1,1,1,1,0,0,0,1,1,1,0,0,1,1,0,1,1,1,0,1]
obj1: 0.51
obj2: 0.42
obj3: 0.53
--------------
solution: [0,0,1,1,0,0,0,0,1,0,0,1,1,0,0,0,1,0,1,1,0,0,1,1,0,1,1,1,0,0]
obj1: 0.49
obj2: 0.45
obj3: 0.54
--------------
solution: [0,1,1,1,0,0,1,0,1,0,0,1,0,0,0,0,0,1,0,1,0,0,0,0,0,0,1,1,1,0]
obj1: 0.46
obj2: 0.33
obj3: 0.65
--------------
solution: [0,1,1,0,0,0,0,0,1,0,1,0,1,0,1,0,0,0,0,1,1,1,0,1,0,0,1,1,0,1]
obj1: 0.47
obj2: 0.49
obj3: 0.54
--------------
solution: [0,1,0,1,0,1,0,1,1,0,1,0,1,1,1,0,0,1,1,1,0,0,0,1,0,0,1,1,1,0]
obj1: 0.48
obj2: 0.36
obj3: 0.57
--------------
solution: [0,1,1,0,0,1,0,0,1,1,1,1,1,0,0,0,0,0,1,1,0,0,1,1,0,1,1,1,0,1]
obj1: 0.5
obj2: 0.46
obj3: 0.53
--------------
solution: [1,1,0,1,0,0,0,0,1,0,1,1,1,0,0,0,0,0,0,1,0,1,0,1,0,0,1,1,1,0]
obj1: 0.46
obj2: 0.42
obj3: 0.55
--------------
solution: [0,1,1,1,0,0,0,0,1,0,0,1,0,0,0,0,0,1,0,1,0,0,0,0,1,0,1,0,0,0]
obj1: 0.47
obj2: 0.29
obj3: 0.78
--------------
solution: [0,1,0,1,0,0,0,0,1,1,0,1,0,0,0,0,0,0,1,1,0,1,0,1,0,0,1,1,1,0]
obj1: 0.44
obj2: 0.36
obj3: 0.67
--------------
solution: [0,1,0,1,0,1,0,0,1,1,0,1,1,1,0,0,0,1,1,1,0,0,0,1,0,0,1,1,1,0]
obj1: 0.44
obj2: 0.38
obj3: 0.65
--------------
solution: [0,1,0,0,0,0,0,0,1,0,0,1,0,0,0,0,0,0,0,1,1,1,0,1,0,0,1,1,0,1]
obj1: 0.42
obj2: 0.46
obj3: 0.67
--------------
solution: [0,1,0,1,0,0,0,0,1,0,0,1,0,0,0,0,0,1,1,1,0,1,0,1,0,0,1,1,1,0]
obj1: 0.43
obj2: 0.32
obj3: 0.68
--------------
solution: [0,1,1,0,0,1,0,0,1,1,1,1,1,0,0,0,0,0,1,1,0,0,0,1,0,1,1,1,1,1]
obj1: 0.49
obj2: 0.47
obj3: 0.53
--------------
