solution: [0,0,1,0,0,0,1,1,0,0,1,0,0,1,1,1,0,0,1,0,0,0,1,0,1,1,0,0,1,0]
obj1: 0.7
obj2: 0.14
obj3: 0.45
--------------
solution: [0,1,0,0,0,0,1,1,1,0,1,0,0,1,0,0,0,0,0,0,0,0,0,0,1,0,0,1,0,1]
obj1: 0.61
obj2: 0.11
obj3: 0.47
--------------
solution: [0,1,1,0,0,0,1,1,0,0,0,0,1,1,0,1,0,1,1,0,1,1,1,0,0,1,1,1,0,0]
obj1: 0.59
obj2: 0.15
obj3: 0.46
--------------
solution: [0,1,1,0,0,0,1,1,0,0,0,0,1,1,1,1,0,1,1,0,1,1,1,0,0,1,0,0,0,0]
obj1: 0.6
obj2: 0.16
obj3: 0.45
--------------
solution: [0,1,0,1,0,0,0,1,0,0,0,1,0,0,0,1,1,1,0,0,1,0,0,0,0,1,0,1,0,0]
obj1: 0.54
obj2: 0.17
obj3: 0.51
--------------
solution: [0,1,0,0,0,0,1,1,0,0,0,0,1,1,0,1,0,1,0,0,1,0,0,0,1,0,0,1,0,1]
obj1: 0.57
obj2: 0.14
obj3: 0.49
--------------
solution: [1,1,1,1,0,0,0,1,0,1,0,0,0,1,0,1,0,1,1,0,1,1,0,1,1,0,0,1,0,0]
obj1: 0.6
obj2: 0.24
obj3: 0.44
--------------
solution: [0,1,0,1,0,0,0,1,0,0,0,1,0,0,0,0,0,0,1,0,1,0,0,0,0,1,0,1,0,0]
obj1: 0.46
obj2: 0.18
obj3: 0.48
--------------
solution: [0,1,1,0,0,0,1,1,0,0,0,0,1,1,0,1,0,0,1,1,0,1,0,0,1,1,0,0,0,0]
obj1: 0.6
obj2: 0.12
obj3: 0.46
--------------
solution: [0,1,1,1,0,0,1,1,0,1,0,0,0,1,0,1,0,1,1,0,1,0,0,0,0,1,0,1,1,0]
obj1: 0.57
obj2: 0.18
obj3: 0.46
--------------
solution: [0,1,0,1,1,0,0,1,0,1,1,0,1,1,0,1,0,0,1,0,0,1,0,0,1,0,0,0,1,1]
obj1: 0.64
obj2: 0.21
obj3: 0.44
--------------
solution: [1,1,0,0,0,1,0,1,0,1,0,1,0,0,1,0,1,1,0,1,0,1,0,1,0,0,1,1,1,0]
obj1: 0.67
obj2: 0.27
obj3: 0.42
--------------
solution: [0,1,1,0,0,0,1,1,0,0,0,0,1,1,0,1,0,0,1,0,1,1,0,0,1,1,0,0,0,1]
obj1: 0.55
obj2: 0.16
obj3: 0.47
--------------
solution: [1,1,0,0,0,1,0,1,0,1,0,0,0,0,0,0,0,1,1,0,1,1,0,1,1,0,0,1,0,0]
obj1: 0.56
obj2: 0.3
obj3: 0.43
--------------
solution: [0,0,1,0,0,1,0,1,0,0,0,1,0,0,1,1,1,1,1,0,1,1,1,0,1,0,0,0,1,0]
obj1: 0.62
obj2: 0.26
obj3: 0.43
--------------
