solution: [1,1,1,1,1,1,1,1,0,1,1,1,1,1,0,1,0,0,1,0,1,1,0,0,0,1,0,0,1,0]
obj1: 0.58
obj2: 0.56
obj3: 0.47
--------------
solution: [0,0,0,1,1,1,0,0,1,0,0,1,1,1,0,1,0,1,1,0,0,0,0,0,1,0,0,0,1,1]
obj1: 0.54
obj2: 0.5
obj3: 0.57
--------------
solution: [0,1,0,1,1,0,1,0,0,0,0,0,0,1,0,0,0,0,1,0,1,1,1,1,0,0,0,0,1,0]
obj1: 0.63
obj2: 0.38
obj3: 0.51
--------------
solution: [0,1,1,0,0,0,1,1,1,1,1,0,1,0,1,0,0,1,1,1,0,1,1,0,1,0,1,1,1,1]
obj1: 0.65
obj2: 0.53
obj3: 0.38
--------------
solution: [0,0,1,0,0,1,0,1,1,0,0,1,1,1,0,0,1,0,1,0,0,1,0,0,1,1,1,1,0,1]
obj1: 0.54
obj2: 0.61
obj3: 0.44
--------------
solution: [0,1,0,1,1,0,1,0,0,0,0,0,0,1,0,0,0,0,1,0,1,0,0,1,0,0,0,0,1,1]
obj1: 0.62
obj2: 0.38
obj3: 0.59
--------------
solution: [0,0,0,1,0,0,1,0,1,1,0,0,0,1,1,1,1,0,1,1,1,0,1,1,0,0,1,0,1,0]
obj1: 0.69
obj2: 0.49
obj3: 0.45
--------------
solution: [0,0,0,1,1,1,0,0,1,0,0,1,1,1,0,1,1,0,1,0,0,0,1,0,1,0,0,0,1,1]
obj1: 0.55
obj2: 0.5
obj3: 0.48
--------------
solution: [0,1,0,1,1,1,1,0,1,0,1,1,0,1,0,1,1,0,1,0,1,1,0,0,0,1,1,0,1,0]
obj1: 0.59
obj2: 0.5
obj3: 0.42
--------------
solution: [0,0,0,1,1,1,0,0,1,0,0,0,0,1,1,1,1,0,1,1,1,1,0,0,1,0,0,0,1,1]
obj1: 0.59
obj2: 0.47
obj3: 0.57
--------------
solution: [1,1,0,1,1,0,1,0,1,0,0,1,0,1,0,0,0,1,1,0,1,0,0,0,0,1,0,0,1,0]
obj1: 0.61
obj2: 0.44
obj3: 0.47
--------------
solution: [0,0,0,1,1,0,1,0,0,0,0,0,0,1,0,0,0,0,1,1,0,1,1,0,0,0,1,0,1,1]
obj1: 0.67
obj2: 0.36
obj3: 0.73
--------------
solution: [0,1,1,1,1,0,1,0,0,0,0,0,0,1,0,0,0,1,1,0,1,0,0,1,0,0,0,0,0,0]
obj1: 0.61
obj2: 0.41
obj3: 0.62
--------------
solution: [1,0,1,1,0,0,1,1,1,1,1,0,0,0,1,0,0,1,1,1,0,1,1,0,1,0,1,1,1,0]
obj1: 0.68
obj2: 0.52
obj3: 0.36
--------------
