solution: [0,0,0,0,0,0,1,0,1,0,0,1,1,1,1,1,1,0,1,1,1,0,0,1,0,1,0,0,0,1]
obj1: 0.52
obj2: 0.41
obj3: 0.63
--------------
solution: [0,0,1,0,0,1,1,1,0,1,0,0,1,0,1,1,0,0,1,1,0,0,0,1,1,0,1,1,0,0]
obj1: 0.59
obj2: 0.35
obj3: 0.6
--------------
solution: [1,1,0,0,1,1,0,0,0,0,1,0,0,0,0,1,0,1,1,1,0,0,0,1,0,0,1,1,1,0]
obj1: 0.58
obj2: 0.3
obj3: 0.88
--------------
solution: [0,1,0,0,0,0,0,0,1,0,1,1,1,1,1,0,1,1,1,1,0,0,0,1,0,1,1,1,1,1]
obj1: 0.53
obj2: 0.37
obj3: 0.7
--------------
solution: [0,1,0,1,1,1,0,1,1,1,0,0,1,1,0,0,0,1,1,0,0,0,0,1,0,0,0,0,0,0]
obj1: 0.54
obj2: 0.37
obj3: 0.69
--------------
solution: [1,0,0,1,0,0,1,1,0,1,0,0,0,0,0,1,0,0,0,1,0,0,0,1,0,1,1,0,1,0]
obj1: 0.71
obj2: 0.3
obj3: 0.7
--------------
solution: [1,1,1,1,1,1,1,1,0,1,0,0,0,1,0,1,0,0,1,0,0,0,1,0,1,1,0,0,0,0]
obj1: 0.63
obj2: 0.26
obj3: 0.79
--------------
solution: [1,0,1,1,0,1,0,1,1,1,0,0,1,1,0,0,0,1,1,0,1,1,0,1,1,0,1,1,0,1]
obj1: 0.6
obj2: 0.43
obj3: 0.57
--------------
solution: [0,1,0,1,0,1,0,1,0,1,0,0,0,1,0,1,0,0,1,0,0,0,0,0,1,1,0,0,1,1]
obj1: 0.6
obj2: 0.3
obj3: 0.71
--------------
solution: [0,1,0,1,0,0,0,1,0,1,0,1,0,1,0,1,1,0,0,0,0,0,1,1,1,0,1,1,0,1]
obj1: 0.62
obj2: 0.35
obj3: 0.53
--------------
solution: [0,1,1,0,0,1,0,0,0,1,0,1,0,1,0,1,1,0,1,1,0,0,1,1,1,0,1,1,0,0]
obj1: 0.55
obj2: 0.33
obj3: 0.64
--------------
