solution: [1,1,1,0,1,0,1,0,1,0,0,0,0,0,1,0,1,0,0,1,0,0,0,1,0,0,1,0,1,0]
obj1: 0.63
obj2: 0.29
obj3: 0.65
--------------
solution: [1,0,1,0,0,1,1,0,0,0,0,1,0,1,0,1,1,0,1,1,0,1,1,0,1,1,1,1,0,0]
obj1: 0.59
obj2: 0.38
obj3: 0.42
--------------
solution: [0,1,1,1,0,0,0,0,0,0,1,0,1,0,1,0,0,0,1,1,0,0,1,0,0,1,0,1,0,0]
obj1: 0.55
obj2: 0.36
obj3: 0.48
--------------
solution: [0,1,0,0,1,1,0,0,0,0,1,1,0,0,1,0,0,0,1,1,0,0,1,0,0,0,1,0,0,1]
obj1: 0.53
obj2: 0.29
obj3: 0.83
--------------
solution: [0,0,0,1,0,0,1,1,0,0,0,0,0,1,1,0,1,0,1,1,0,1,1,0,0,0,0,0,1,1]
obj1: 0.62
obj2: 0.29
obj3: 0.66
--------------
solution: [1,1,1,0,1,0,1,0,1,1,0,0,0,0,1,0,1,0,0,1,0,0,0,1,0,0,1,0,1,0]
obj1: 0.65
obj2: 0.32
obj3: 0.62
--------------
solution: [1,0,1,0,0,1,1,0,0,0,1,0,0,1,1,0,1,0,1,1,0,1,1,0,1,1,1,1,0,0]
obj1: 0.61
obj2: 0.33
obj3: 0.51
--------------
solution: [0,1,0,0,1,1,0,0,0,0,1,1,0,0,0,0,0,0,1,1,0,0,1,0,1,0,1,0,0,1]
obj1: 0.55
obj2: 0.3
obj3: 0.81
--------------
solution: [0,1,1,1,0,1,0,0,0,0,1,1,0,0,0,0,0,0,1,1,0,0,1,0,0,1,0,1,0,0]
obj1: 0.53
obj2: 0.43
obj3: 0.45
--------------
solution: [0,1,0,0,1,1,0,0,0,0,1,0,0,1,1,1,0,0,1,1,1,1,1,0,1,0,0,1,1,0]
obj1: 0.57
obj2: 0.31
obj3: 0.69
--------------
solution: [0,1,0,0,1,1,0,0,0,0,1,0,1,0,1,0,0,0,1,1,0,0,1,0,1,0,1,0,0,1]
obj1: 0.56
obj2: 0.27
obj3: 0.82
--------------
solution: [1,1,1,0,1,0,0,0,0,0,1,1,0,1,1,0,1,0,0,1,1,0,0,1,0,0,1,1,1,0]
obj1: 0.59
obj2: 0.35
obj3: 0.65
--------------
solution: [1,0,0,1,0,0,1,1,0,0,0,1,0,1,0,1,1,0,1,1,0,0,1,0,1,1,1,1,0,0]
obj1: 0.62
obj2: 0.33
obj3: 0.43
--------------
solution: [0,0,0,0,1,1,1,0,0,0,1,1,0,0,0,0,0,0,1,1,0,0,1,0,0,0,1,0,0,0]
obj1: 0.56
obj2: 0.31
obj3: 0.77
--------------
solution: [0,1,0,0,1,1,0,0,1,0,1,1,1,0,0,1,0,1,0,0,0,0,0,1,0,0,0,1,0,1]
obj1: 0.52
obj2: 0.62
obj3: 0.54
--------------
