solution: [0,1,1,0,0,1,0,1,0,1,0,1,1,1,1,0,0,0,1,0,1,1,0,1,0,0,0,0,0,1]
obj1: 0.52
obj2: 0.43
obj3: 0.62
--------------
solution: [1,0,0,0,1,0,0,1,0,0,0,0,0,1,0,0,1,0,1,0,0,0,1,0,1,0,1,0,1,1]
obj1: 0.72
obj2: 0.17
obj3: 0.87
--------------
solution: [1,1,1,1,0,0,1,1,0,0,1,1,1,1,0,0,0,1,0,0,0,0,0,1,0,0,1,0,0,0]
obj1: 0.57
obj2: 0.32
obj3: 0.58
--------------
solution: [0,1,1,0,0,0,0,0,0,1,0,1,1,0,1,0,1,0,0,0,0,0,0,0,0,1,0,0,0,0]
obj1: 0.5
obj2: 0.43
obj3: 0.71
--------------
solution: [0,1,1,0,0,0,1,1,0,0,1,1,0,1,0,0,0,0,1,1,0,1,0,0,0,1,1,1,0,1]
obj1: 0.54
obj2: 0.35
obj3: 0.55
--------------
solution: [1,1,1,1,1,0,0,0,0,1,0,1,0,1,1,0,0,0,1,1,1,1,0,0,0,1,1,1,0,0]
obj1: 0.55
obj2: 0.34
obj3: 0.77
--------------
solution: [1,0,1,0,1,0,0,0,0,0,0,0,1,0,1,0,0,0,1,0,0,0,1,0,0,0,1,0,0,0]
obj1: 0.6
obj2: 0.21
obj3: 0.89
--------------
solution: [1,0,0,0,1,0,0,1,0,0,0,0,0,1,0,0,1,1,0,1,0,1,1,0,1,0,1,0,1,1]
obj1: 0.71
obj2: 0.2
obj3: 0.88
--------------
solution: [0,1,1,1,0,1,0,0,0,0,1,0,0,1,0,0,0,1,1,1,1,0,1,1,0,1,1,0,1,1]
obj1: 0.61
obj2: 0.29
obj3: 0.56
--------------
solution: [0,0,1,0,0,0,0,1,1,0,1,1,0,1,1,1,0,0,1,0,0,0,1,0,1,0,1,1,1,1]
obj1: 0.61
obj2: 0.34
obj3: 0.53
--------------
solution: [0,1,1,0,0,0,1,0,0,0,0,0,0,1,1,0,0,0,1,0,1,1,1,0,1,0,1,0,0,1]
obj1: 0.59
obj2: 0.23
obj3: 0.76
--------------
solution: [0,1,1,0,1,1,1,0,0,1,0,1,1,0,1,0,1,0,0,0,0,0,0,0,0,1,0,0,0,0]
obj1: 0.5
obj2: 0.41
obj3: 0.76
--------------
solution: [0,1,1,0,0,0,1,1,0,0,1,0,0,0,0,1,0,1,0,1,1,0,1,0,0,1,1,1,0,1]
obj1: 0.63
obj2: 0.33
obj3: 0.55
--------------
solution: [0,0,1,0,0,0,0,1,1,1,1,0,0,0,1,0,0,1,0,0,0,1,0,1,1,0,0,1,1,1]
obj1: 0.69
obj2: 0.41
obj3: 0.52
--------------
solution: [0,0,1,0,0,0,0,0,0,1,0,1,1,0,0,0,1,0,1,0,1,1,0,0,1,0,1,0,0,1]
obj1: 0.56
obj2: 0.42
obj3: 0.54
--------------
