solution: [0,1,1,1,0,0,0,1,0,0,1,0,0,1,0,0,1,1,1,1,0,0,1,0,1,1,0,0,1,1]
obj1: 0.67
obj2: 0.08
obj3: 0.75
--------------
solution: [0,1,1,1,0,1,1,1,1,0,1,0,1,1,1,0,1,0,1,1,0,0,1,0,0,1,1,0,1,1]
obj1: 0.56
obj2: 0.19
obj3: 0.75
--------------
solution: [1,1,1,0,0,0,0,0,1,1,0,1,1,0,0,1,0,1,1,1,0,1,0,0,1,0,0,0,1,0]
obj1: 0.54
obj2: 0.12
obj3: 0.79
--------------
solution: [0,1,1,1,0,1,1,0,1,1,1,0,1,0,1,0,0,1,0,1,1,1,1,1,0,1,0,1,1,0]
obj1: 0.5
obj2: 0.22
obj3: 0.67
--------------
solution: [0,0,0,1,0,1,1,0,1,0,0,0,1,0,1,0,0,0,0,1,1,0,1,1,1,0,1,1,0,0]
obj1: 0.47
obj2: 0.27
obj3: 0.78
--------------
solution: [0,1,1,0,0,0,0,0,1,1,0,1,1,1,1,0,1,0,1,1,0,1,1,0,0,1,1,0,1,1]
obj1: 0.54
obj2: 0.18
obj3: 0.78
--------------
solution: [0,1,0,1,1,1,0,1,1,0,0,1,1,1,1,1,1,0,1,0,1,0,0,1,0,0,0,0,0,0]
obj1: 0.45
obj2: 0.3
obj3: 0.79
--------------
